300	11.6713	300	23.9218	2.3951	32.6297	0.8007
301	11.3906	301	23.573	2.2404	32.2793	0.752
302	11.1125	302	23.2271	2.0903	31.9327	0.7109
303	10.8349	303	22.8815	1.9442	31.5873	0.6811
304	10.5652	304	22.5459	1.805	31.2529	0.6598
305	10.3035	305	22.2205	1.6724	30.9302	0.6482
306	10.053	306	21.9094	1.5477	30.6234	0.6484
307	9.8156	307	21.6155	1.4308	30.3354	0.6574
308	9.5942	308	21.3426	1.3227	30.0705	0.6787
309	9.3913	309	21.0941	1.2235	29.832	0.7114
310	9.2055	310	20.8685	1.132	29.6186	0.7537
311	9.0455	311	20.6768	1.0514	29.4411	0.8126
312	8.9052	312	20.5114	0.9785	29.2918	0.8837
313	8.7857	313	20.3739	0.9138	29.1724	0.9704
314	8.6921	314	20.2708	0.8603	29.089	1.0803
315	8.6167	315	20.1921	0.8159	29.0317	1.2128
316	8.5648	316	20.1448	0.7862	29.0069	1.3801
317	8.5358	317	20.1275	0.7767	29.0132	1.5915
318	8.522	318	20.1309	0.7902	29.0413	1.8535
319	8.536	319	20.1703	0.8486	29.1053	2.1926
320	8.5663	320	20.2309	0.9586	29.1909	2.6112
321	8.6111	321	20.3108	1.1364	29.2961	3.1219
322	8.6827	322	20.424	1.4107	29.433	3.7239
323	8.7635	323	20.5494	1.7721	29.5823	4.3964
324	8.8623	324	20.6971	2.2233	29.7527	5.1037
325	8.9774	325	20.864	2.7278	29.9403	5.7763
326	9.1001	326	21.0411	3.2603	30.138	6.4067
327	9.24	327	21.237	3.7577	30.351	6.8948
328	9.3863	328	21.4401	4.2082	30.5702	7.277
329	9.5406	329	21.6527	4.6081	30.7977	7.566
330	9.7001	330	21.8682	4.9191	31.0244	7.7276
331	9.8632	331	22.0878	5.1909	31.2547	7.8444
332	10.0286	332	22.3083	5.4142	31.484	7.9084
333	10.1925	333	22.5249	5.5956	31.7073	7.9342
334	10.3581	334	22.7426	5.758	31.9311	7.9482
335	10.5189	335	22.9521	5.8909	32.1449	7.9414
336	10.6769	336	23.157	6.0092	32.3531	7.9294
337	10.834	337	23.3599	6.1189	32.5587	7.9168
338	10.9806	338	23.5478	6.2093	32.7479	7.8954
339	11.1252	339	23.7324	6.2958	32.9336	7.8773
340	11.2642	340	23.9094	6.3749	33.1111	7.8592
341	11.3942	341	24.0741	6.4449	33.2758	7.8405
342	11.5209	342	24.2342	6.5125	33.4358	7.8246
343	11.6386	343	24.3827	6.5732	33.584	7.8091
344	11.7498	344	24.5227	6.6303	33.7236	7.7958
345	11.8571	345	24.6577	6.6855	33.8584	7.785
346	11.9543	346	24.7801	6.7359	33.9807	7.7764
347	12.0483	347	24.8984	6.7857	34.0992	7.7707
348	12.1379	348	25.0114	6.8342	34.2126	7.7676
349	12.2213	349	25.117	6.8808	34.319	7.7673
350	12.3026	350	25.22	6.9272	34.423	7.7691
351	12.3797	351	25.318	6.9725	34.5222	7.7732
352	12.4535	352	25.412	7.0173	34.6178	7.7796
353	12.5256	353	25.5042	7.0619	34.7118	7.7876
354	12.5939	354	25.5918	7.1058	34.8015	7.798
355	12.6606	355	25.6777	7.1497	34.8898	7.81
356	12.7258	356	25.7619	7.1935	34.9766	7.8237
357	12.7884	357	25.8432	7.2373	35.0609	7.8395
358	12.8503	358	25.9237	7.2812	35.1445	7.8566
359	12.9107	359	26.0028	7.3253	35.227	7.8754
360	12.97	360	26.0806	7.3697	35.3086	7.8961
361	13.0289	361	26.1582	7.4145	35.39	7.918
362	13.0868	362	26.2349	7.4598	35.4709	7.9418
363	13.1445	363	26.3115	7.5056	35.552	7.9671
364	13.2021	364	26.3883	7.5519	35.6334	7.9936
365	13.2596	365	26.4652	7.5992	35.7154	8.0223
366	13.3174	366	26.5428	7.6472	35.7982	8.0522
367	13.3757	367	26.6212	7.6962	35.8821	8.0837
368	13.435	368	26.7012	7.7465	35.9678	8.1172
369	13.4952	369	26.7824	7.7977	36.0549	8.1518
370	13.5568	370	26.8657	7.8504	36.1444	8.1884
371	13.6199	371	26.9511	7.9042	36.236	8.2263
372	13.6842	372	27.0381	7.959	36.3295	8.2652
373	13.751	373	27.1283	8.0156	36.4264	8.306
374	13.8193	374	27.2205	8.0731	36.5253	8.3477
375	13.8894	375	27.3151	8.1318	36.6267	8.3906
376	13.962	376	27.4128	8.1919	36.7312	8.4347
377	14.0362	377	27.5126	8.2529	36.8379	8.4796
378	14.1129	378	27.6154	8.3153	36.9476	8.5256
379	14.1917	379	27.7208	8.3787	37.0599	8.5724
380	14.2722	380	27.8284	8.443	37.1743	8.6199
381	14.3556	381	27.9393	8.5087	37.292	8.6682
382	14.4407	382	28.0523	8.5751	37.4117	8.7171
383	14.5278	383	28.1677	8.6423	37.5336	8.7666
384	14.6173	384	28.2857	8.7105	37.658	8.8165
385	14.7084	385	28.4056	8.7794	37.7841	8.8668
386	14.8016	386	28.5277	8.849	37.9123	8.9174
387	14.8964	387	28.6517	8.919	38.042	8.9681
388	14.9927	388	28.7772	8.9897	38.1731	9.0191
389	15.0906	389	28.9043	9.0604	38.3054	9.0696
390	15.1895	390	29.0322	9.1313	38.4383	9.1201
391	15.2894	391	29.1611	9.2024	38.5718	9.1705
392	15.3896	392	29.2898	9.2726	38.7048	9.2197
393	15.4902	393	29.4187	9.3429	38.8378	9.2688
394	15.5909	394	29.5474	9.4126	38.9703	9.3173
395	15.6913	395	29.6754	9.4816	39.1017	9.365
396	15.7919	396	29.8033	9.5505	39.233	9.4126
397	15.8917	397	29.9299	9.6183	39.3626	9.4591
398	15.9912	398	30.0558	9.6857	39.4914	9.5053
399	16.0907	399	30.1814	9.7528	39.6197	9.5513
400	16.1888	400	30.3051	9.8186	39.7459	9.5961
401	16.2868	401	30.4284	9.8842	39.8715	9.6409
402	16.3841	402	30.5507	9.9492	39.996	9.6852
403	16.4805	403	30.6715	10.0134	40.1189	9.7289
404	16.5766	404	30.7919	10.0773	40.2413	9.7726
405	16.6716	405	30.9108	10.1404	40.362	9.8157
406	16.7659	406	31.0287	10.203	40.4817	9.8585
407	16.86	407	31.1462	10.2655	40.6009	9.9014
408	16.9528	408	31.2619	10.327	40.7183	9.9436
409	17.0453	409	31.3773	10.3884	40.8352	9.986
410	17.1373	410	31.4919	10.4496	40.9514	10.0284
411	17.2284	411	31.6054	10.5102	41.0665	10.0706
412	17.3194	412	31.7188	10.5708	41.1814	10.113
413	17.4099	413	31.8313	10.6312	41.2955	10.1555
414	17.5	414	31.9435	10.6915	41.4092	10.1982
415	17.5901	415	32.0556	10.752	41.523	10.2412
416	17.6799	416	32.1674	10.8125	41.6364	10.2846
417	17.77	417	32.2796	10.8733	41.7502	10.3286
418	17.8604	418	32.3921	10.9346	41.8644	10.3732
419	17.9514	419	32.5053	10.9966	41.9794	10.4186
420	18.0429	420	32.6193	11.0591	42.095	10.4647
421	18.1353	421	32.7341	11.1223	42.2116	10.5116
422	18.2285	422	32.85	11.1863	42.3292	10.5593
423	18.3225	423	32.9667	11.2509	42.4476	10.6077
424	18.4177	424	33.0848	11.3165	42.5672	10.657
425	18.5137	425	33.2038	11.3828	42.6878	10.707
426	18.6107	426	33.3239	11.4498	42.8094	10.7577
427	18.7089	427	33.4453	11.5178	42.9322	10.8091
428	18.808	428	33.5677	11.5864	43.0559	10.8613
429	18.9082	429	33.6912	11.6559	43.1806	10.9141
430	19.0095	430	33.8159	11.7261	43.3064	10.9675
431	19.1117	431	33.9414	11.797	43.433	11.0215
432	19.2151	432	34.0682	11.8688	43.5606	11.0762
433	19.3194	433	34.1959	11.9411	43.689	11.1313
434	19.4246	434	34.3245	12.0141	43.8181	11.187
435	19.5309	435	34.4541	12.0879	43.9481	11.2431
436	19.638	436	34.5844	12.1621	44.0786	11.2996
437	19.746	437	34.7155	12.2369	44.2097	11.3565
438	19.8547	438	34.8472	12.3123	44.3413	11.4136
439	19.9642	439	34.9796	12.3881	44.4733	11.4711
440	20.0744	440	35.1124	12.4643	44.6057	11.5288
441	20.1852	441	35.2457	12.5408	44.7382	11.5865
442	20.2965	442	35.3793	12.6177	44.8709	11.6446
443	20.4083	443	35.513	12.6947	45.0035	11.7024
444	20.5204	444	35.6469	12.772	45.136	11.7603
445	20.6328	445	35.7808	12.8493	45.2684	11.8182
446	20.7453	446	35.9144	12.9266	45.4001	11.8757
447	20.8579	447	36.0478	13.0038	45.5316	11.9332
448	20.9703	448	36.1806	13.0808	45.6621	11.9901
449	21.0823	449	36.3125	13.1573	45.7917	12.0466
450	21.1942	450	36.4441	13.2338	45.9206	12.1028
451	21.3051	451	36.574	13.3093	46.0478	12.158
452	21.4156	452	36.7033	13.3845	46.1742	12.213
453	21.5256	453	36.8317	13.4593	46.2995	12.2675
454	21.6345	454	36.9584	13.5331	46.423	12.321
455	21.743	455	37.0845	13.6067	46.5457	12.3743
456	21.8506	456	37.2091	13.6795	46.6669	12.4268
457	21.9572	457	37.3324	13.7516	46.7866	12.4787
458	22.0633	458	37.4549	13.8234	46.9055	12.5303
459	22.1681	459	37.5756	13.8941	47.0225	12.5809
460	22.2722	460	37.6953	13.9644	47.1384	12.6312
461	22.3757	461	37.8141	14.0342	47.2532	12.681
462	22.4777	462	37.931	14.1029	47.3661	12.73
463	22.5792	463	38.0471	14.1713	47.4783	12.7787
464	22.6798	464	38.1619	14.239	47.589	12.8268
465	22.7792	465	38.2753	14.3059	47.6983	12.8742
466	22.8782	466	38.388	14.3725	47.8069	12.9215
467	22.9758	467	38.499	14.4382	47.9138	12.968
468	23.0728	468	38.6091	14.5034	48.0196	13.0142
469	23.1691	469	38.7184	14.5683	48.1247	13.0601
470	23.2641	470	38.826	14.6321	48.2281	13.1053
471	23.3586	471	38.9329	14.6958	48.3308	13.1504
472	23.4524	472	39.0389	14.7589	48.4325	13.195
473	23.5451	473	39.1436	14.8213	48.533	13.2392
474	23.6374	474	39.2477	14.8836	48.6329	13.2834
475	23.7288	475	39.3507	14.9451	48.7316	13.327
476	23.8195	476	39.4528	15.0063	48.8296	13.3705
477	23.9098	477	39.5545	15.0674	48.927	13.4138
478	23.9991	478	39.6549	15.1277	49.0232	13.4568
479	24.088	479	39.7549	15.1879	49.1191	13.4997
480	24.1765	480	39.8542	15.2478	49.2143	13.5425
481	24.2643	481	39.9528	15.3074	49.3087	13.5851
482	24.3519	482	40.0511	15.3669	49.4029	13.6278
483	24.439	483	40.1488	15.4261	49.4965	13.6704
484	24.5258	484	40.2462	15.4853	49.5897	13.7131
485	24.6125	485	40.3434	15.5444	49.6828	13.7559
486	24.6988	486	40.4401	15.6035	49.7755	13.7987
487	24.7851	487	40.5368	15.6626	49.8681	13.8416
488	24.8713	488	40.6333	15.7217	49.9605	13.8847
489	24.9573	489	40.7296	15.7808	50.0528	13.9279
490	25.0434	490	40.8258	15.84	50.1449	13.9713
491	25.1293	491	40.9219	15.8993	50.2369	14.0148
492	25.2152	492	41.0179	15.9586	50.3288	14.0585
493	25.3011	493	41.1138	16.018	50.4207	14.1023
494	25.387	494	41.2097	16.0775	50.5124	14.1463
495	25.4729	495	41.3055	16.1371	50.6041	14.1904
496	25.5588	496	41.4013	16.1969	50.6958	14.2348
497	25.6448	497	41.4971	16.2567	50.7874	14.2793
498	25.7308	498	41.5929	16.3166	50.879	14.3239
499	25.8168	499	41.6886	16.3767	50.9706	14.3688
500	25.9029	500	41.7844	16.4369	51.0621	14.4138
501	25.9891	501	41.8801	16.4972	51.1536	14.459
502	26.0753	502	41.9758	16.5577	51.245	14.5043
503	26.1615	503	42.0716	16.6182	51.3365	14.5498
504	26.2479	504	42.1673	16.6789	51.4279	14.5955
505	26.3343	505	42.2631	16.7397	51.5193	14.6414
506	26.4208	506	42.3588	16.8007	51.6106	14.6874
507	26.5073	507	42.4546	16.8618	51.702	14.7335
508	26.5939	508	42.5503	16.923	51.7932	14.7799
509	26.6806	509	42.646	16.9843	51.8845	14.8263
510	26.7673	510	42.7417	17.0457	51.9757	14.8729
511	26.8541	511	42.8374	17.1073	52.0668	14.9197
512	26.941	512	42.9331	17.169	52.1579	14.9666
513	27.0279	513	43.0288	17.2307	52.249	15.0136
514	27.1148	514	43.1244	17.2926	52.3399	15.0607
515	27.2018	515	43.22	17.3546	52.4308	15.108
516	27.2888	516	43.3155	17.4166	52.5216	15.1553
517	27.3759	517	43.411	17.4788	52.6123	15.2028
518	27.463	518	43.5064	17.541	52.7029	15.2503
519	27.5501	519	43.6017	17.6033	52.7934	15.298
520	27.6372	520	43.6969	17.6657	52.8837	15.3457
521	27.7242	521	43.792	17.728	52.9739	15.3935
522	27.8113	522	43.887	17.7905	53.064	15.4414
523	27.8983	523	43.9819	17.853	53.1539	15.4893
524	27.9852	524	44.0765	17.9154	53.2435	15.5372
525	28.0721	525	44.1711	17.9779	53.333	15.5852
526	28.1589	526	44.2654	18.0403	53.4222	15.6331
527	28.2455	527	44.3594	18.1027	53.5111	15.681
528	28.3321	528	44.4533	18.1651	53.5999	15.729
529	28.4184	529	44.5469	18.2274	53.6883	15.7769
530	28.5046	530	44.6402	18.2897	53.7765	15.8249
531	28.5908	531	44.7334	18.352	53.8645	15.8728
532	28.6767	532	44.8263	18.4141	53.9521	15.9207
533	28.7625	533	44.919	18.4763	54.0396	15.9687
534	28.8482	534	45.0115	18.5384	54.1268	16.0166
535	28.9338	535	45.1037	18.6004	54.2137	16.0646
536	29.0193	536	45.1958	18.6625	54.3005	16.1126
537	29.1046	537	45.2877	18.7245	54.3871	16.1605
538	29.1898	538	45.3793	18.7865	54.4734	16.2086
539	29.275	539	45.4709	18.8486	54.5596	16.2567
540	29.3599	540	45.5622	18.9105	54.6455	16.3048
541	29.4449	541	45.6534	18.9725	54.7313	16.353
542	29.5298	542	45.7444	19.0345	54.817	16.4012
543	29.6146	543	45.8353	19.0965	54.9025	16.4495
544	29.6994	544	45.9262	19.1586	54.9879	16.4979
545	29.7841	545	46.0168	19.2207	55.0731	16.5464
546	29.8687	546	46.1074	19.2828	55.1583	16.595
547	29.9534	547	46.198	19.345	55.2434	16.6436
548	30.0381	548	46.2885	19.4073	55.3283	16.6924
549	30.1227	549	46.3789	19.4696	55.4132	16.7414
550	30.2074	550	46.4693	19.532	55.4981	16.7904
551	30.2921	551	46.5596	19.5945	55.5829	16.8396
552	30.3768	552	46.65	19.6571	55.6677	16.8889
553	30.4616	553	46.7404	19.7199	55.7526	16.9385
554	30.5465	554	46.8308	19.7828	55.8374	16.9882
555	30.6315	555	46.9212	19.8458	55.9222	17.038
556	30.7166	556	47.0118	19.909	56.0071	17.0881
557	30.8018	557	47.1023	19.9723	56.0921	17.1384
558	30.8871	558	47.193	20.0358	56.1771	17.1889
559	30.9726	559	47.2839	20.0996	56.2622	17.2396
560	31.0582	560	47.3748	20.1635	56.3474	17.2906
561	31.1441	561	47.4659	20.2277	56.4328	17.3418
562	31.2301	562	47.5572	20.2921	56.5183	17.3933
563	31.3163	563	47.6486	20.3567	56.604	17.4451
564	31.4029	564	47.7404	20.4216	56.6899	17.4972
565	31.4897	565	47.8323	20.4869	56.7759	17.5496
566	31.5767	566	47.9244	20.5524	56.8622	17.6023
567	31.6641	567	48.0169	20.6183	56.9488	17.6555
568	31.7518	568	48.1097	20.6844	57.0355	17.7089
569	31.8399	569	48.2028	20.751	57.1226	17.7627
570	31.9284	570	48.2963	20.8179	57.2101	17.8169
571	32.0172	571	48.39	20.8852	57.2978	17.8715
572	32.1066	572	48.4844	20.9531	57.386	17.9266
573	32.1964	573	48.5792	21.0214	57.4746	17.9822
574	32.2867	574	48.6743	21.09	57.5635	18.0381
575	32.3777	575	48.7703	21.1595	57.6532	18.0948
576	32.4693	576	48.8666	21.2294	57.7432	18.1519
577	32.5615	577	48.9636	21.2998	57.8337	18.2096
578	32.6544	578	49.0614	21.371	57.925	18.2679
579	32.7478	579	49.1595	21.4426	58.0165	18.3267
580	32.8421	580	49.2584	21.515	58.1088	18.3861
581	32.9369	581	49.3579	21.5879	58.2015	18.446
582	33.0323	582	49.4577	21.6613	58.2945	18.5064
583	33.1286	583	49.5585	21.7356	58.3884	18.5675
584	33.2254	584	49.6596	21.8103	58.4825	18.629
585	33.3228	585	49.7613	21.8855	58.5771	18.691
586	33.421	586	49.8637	21.9615	58.6723	18.7536
587	33.5196	587	49.9664	22.0378	58.7677	18.8166
588	33.6189	588	50.0697	22.1149	58.8636	18.8801
589	33.7189	589	50.1735	22.1924	58.96	18.9441
590	33.8192	590	50.2776	22.2704	59.0565	19.0085
591	33.9204	591	50.3824	22.3491	59.1536	19.0734
592	34.022	592	50.4874	22.4282	59.2509	19.1387
593	34.124	593	50.5928	22.5077	59.3484	19.2044
594	34.2267	594	50.6987	22.5879	59.4463	19.2705
595	34.3297	595	50.8048	22.6683	59.5443	19.337
596	34.4332	596	50.9113	22.7493	59.6426	19.4038
597	34.5373	597	51.0181	22.8307	59.7411	19.471
598	34.6416	598	51.125	22.9124	59.8397	19.5384
599	34.7464	599	51.2323	22.9947	59.9385	19.6063
600	34.8516	600	51.3397	23.0772	60.0374	19.6743
601	34.957	601	51.4473	23.16	60.1363	19.7426
602	35.0629	602	51.5551	23.2433	60.2353	19.8113
603	35.169	603	51.6629	23.3268	60.3343	19.8801
604	35.2754	604	51.7709	23.4106	60.4334	19.9491
605	35.382	605	51.8789	23.4947	60.5323	20.0183
606	35.4888	606	51.9869	23.579	60.6312	20.0877
607	35.5959	607	52.0949	23.6635	60.73	20.1573
608	35.703	608	52.2029	23.7483	60.8287	20.2269
609	35.8104	609	52.3108	23.8332	60.9273	20.2967
610	35.9178	610	52.4187	23.9183	61.0257	20.3666
611	36.0253	611	52.5264	24.0035	61.1239	20.4366
612	36.1329	612	52.634	24.0888	61.2219	20.5066
613	36.2405	613	52.7413	24.1743	61.3196	20.5766
614	36.3481	614	52.8485	24.2598	61.417	20.6466
615	36.4556	615	52.9555	24.3453	61.5141	20.7167
616	36.5631	616	53.0621	24.4308	61.6109	20.7867
617	36.6705	617	53.1685	24.5164	61.7074	20.8566
618	36.7777	618	53.2745	24.6019	61.8033	20.9265
619	36.8848	619	53.3802	24.6874	61.8989	20.9962
620	36.9918	620	53.4855	24.7728	61.9941	21.0659
621	37.0985	621	53.5903	24.858	62.0887	21.1354
622	37.205	622	53.6948	24.9432	62.183	21.2047
623	37.3111	623	53.7987	25.0282	62.2766	21.2739
624	37.417	624	53.9021	25.113	62.3697	21.3428
625	37.5226	625	54.005	25.1977	62.4623	21.4116
626	37.6277	626	54.1072	25.282	62.5541	21.48
627	37.7325	627	54.2089	25.3661	62.6454	21.5482
628	37.8369	628	54.3101	25.45	62.7361	21.6161
629	37.9407	629	54.4103	25.5334	62.8259	21.6835
630	38.0441	630	54.5101	25.6166	62.9151	21.7508
631	38.1469	631	54.609	25.6994	63.0036	21.8176
632	38.249	632	54.7071	25.7817	63.0912	21.8839
633	38.3507	633	54.8046	25.8637	63.1781	21.9499
634	38.4515	634	54.9009	25.945	63.264	22.0153
635	38.5517	635	54.9965	26.0258	63.349	22.0802
636	38.6512	636	55.0913	26.1062	63.4333	22.1447
637	38.7497	637	55.1848	26.1857	63.5163	22.2084
638	38.8475	638	55.2775	26.2649	63.5987	22.2717
639	38.9446	639	55.3693	26.3434	63.6801	22.3344
640	39.0406	640	55.46	26.4211	63.7604	22.3964
641	39.1361	641	55.55	26.4985	63.84	22.4581
642	39.2305	642	55.6387	26.575	63.9185	22.519
643	39.3241	643	55.7266	26.6509	63.9961	22.5794
644	39.4172	644	55.8138	26.7264	64.073	22.6394
645	39.5089	645	55.8995	26.8009	64.1486	22.6985
646	39.6001	646	55.9846	26.8749	64.2236	22.7572
647	39.6905	647	56.0688	26.9484	64.2977	22.8154
648	39.7798	648	56.1519	27.021	64.3707	22.8729
649	39.8686	649	56.2343	27.0932	64.4431	22.93
650	39.9564	650	56.3156	27.1646	64.5145	22.9864
651	40.0433	651	56.396	27.2354	64.5851	23.0423
652	40.1296	652	56.4757	27.3058	64.655	23.0978
653	40.2148	653	56.5543	27.3753	64.7238	23.1526
654	40.2994	654	56.6321	27.4443	64.792	23.2069
655	40.3833	655	56.7092	27.5128	64.8595	23.2608
656	40.4662	656	56.7852	27.5804	64.9259	23.314
657	40.5485	657	56.8607	27.6477	64.9918	23.3668
658	40.6299	658	56.9352	27.7143	65.0569	23.4191
659	40.7106	659	57.0088	27.7803	65.1211	23.4709
660	40.7907	660	57.0819	27.8459	65.1849	23.5223
661	40.8698	661	57.154	27.9106	65.2477	23.5731
662	40.9483	662	57.2254	27.975	65.3099	23.6235
663	41.0262	663	57.2962	28.0389	65.3715	23.6735
664	41.1032	664	57.366	28.102	65.4322	23.7229
665	41.1796	665	57.4353	28.1648	65.4925	23.772
666	41.2554	666	57.5038	28.227	65.5521	23.8207
667	41.3303	667	57.5716	28.2886	65.611	23.8688
668	41.4049	668	57.6389	28.3499	65.6694	23.9167
669	41.4786	669	57.7054	28.4105	65.7271	23.9641
670	41.5517	670	57.7712	28.4707	65.7843	24.0111
671	41.6244	671	57.8366	28.5305	65.841	24.0579
672	41.6961	672	57.9012	28.5897	65.8969	24.104
673	41.7675	673	57.9652	28.6485	65.9524	24.15
674	41.8383	674	58.0288	28.707	66.0075	24.1956
675	41.9084	675	58.0916	28.7648	66.0619	24.2407
676	41.9781	676	58.154	28.8224	66.116	24.2857
677	42.0471	677	58.2158	28.8795	66.1694	24.3302
678	42.1157	678	58.2771	28.9362	66.2225	24.3745
679	42.1838	679	58.338	28.9926	66.2751	24.4185
680	42.2513	680	58.3982	29.0484	66.3272	24.4622
681	42.3183	681	58.4581	29.104	66.3789	24.5056
682	42.385	682	58.5175	29.1592	66.4303	24.5487
683	42.451	683	58.5763	29.214	66.4811	24.5915
684	42.5167	684	58.6348	29.2686	66.5317	24.6342
685	42.582	685	58.6929	29.3228	66.5818	24.6766
686	42.6467	686	58.7505	29.3766	66.6316	24.7187
687	42.7112	687	58.8078	29.4303	66.6811	24.7607
688	42.7752	688	58.8646	29.4835	66.7301	24.8024
689	42.8388	689	58.9211	29.5365	66.7789	24.8439
690	42.9021	690	58.9773	29.5893	66.8274	24.8853
691	42.965	691	59.0331	29.6417	66.8755	24.9264
692	43.0275	692	59.0886	29.6939	66.9234	24.9673
693	43.0898	693	59.1438	29.7459	66.9711	25.0082
694	43.1517	694	59.1986	29.7976	67.0184	25.0488
695	43.2133	695	59.2532	29.8491	67.0656	25.0894
696	43.2746	696	59.3075	29.9004	67.1124	25.1298
697	43.3356	697	59.3616	29.9516	67.1591	25.1701
698	43.3965	698	59.4154	30.0025	67.2055	25.2103
699	43.457	699	59.469	30.0533	67.2518	25.2503
700	43.5173	700	59.5224	30.1039	67.2978	25.2903
701	43.5774	701	59.5755	30.1544	67.3437	25.3303
702	43.6372	702	59.6285	30.2047	67.3895	25.3701
703	43.697	703	59.6814	30.255	67.4351	25.41
704	43.7565	704	59.734	30.3051	67.4806	25.4498
705	43.8158	705	59.7865	30.3551	67.5259	25.4895
706	43.8751	706	59.839	30.4051	67.5712	25.5293
707	43.9342	707	59.8912	30.4549	67.6163	25.569
708	43.9932	708	59.9434	30.5048	67.6614	25.6088
709	44.0521	709	59.9956	30.5546	67.7065	25.6486
710	44.111	710	60.0477	30.6044	67.7515	25.6884
711	44.1697	711	60.0997	30.6542	67.7964	25.7283
712	44.2285	712	60.1516	30.704	67.8413	25.7682
713	44.2872	713	60.2036	30.7538	67.8862	25.8082
714	44.3458	714	60.2555	30.8036	67.9311	25.8482
715	44.4044	715	60.3073	30.8534	67.9759	25.8883
716	44.463	716	60.3592	30.9033	68.0207	25.9285
717	44.5216	717	60.411	30.9531	68.0655	25.9687
718	44.5801	718	60.4628	31.003	68.1103	26.009
719	44.6386	719	60.5145	31.053	68.1551	26.0494
720	44.6971	720	60.5663	31.1029	68.1998	26.0898
721	44.7556	721	60.618	31.1529	68.2446	26.1304
722	44.8141	722	60.6698	31.2029	68.2893	26.171
723	44.8726	723	60.7215	31.253	68.334	26.2117
724	44.9311	724	60.7732	31.3031	68.3788	26.2524
725	44.9896	725	60.8249	31.3532	68.4235	26.2932
726	45.0481	726	60.8766	31.4034	68.4682	26.3342
727	45.1065	727	60.9283	31.4537	68.5129	26.3752
728	45.165	728	60.9799	31.504	68.5576	26.4162
729	45.2235	729	61.0316	31.5543	68.6023	26.4574
730	45.282	730	61.0833	31.6047	68.647	26.4987
731	45.3405	731	61.135	31.6551	68.6917	26.54
732	45.399	732	61.1866	31.7056	68.7364	26.5814
733	45.4575	733	61.2383	31.7561	68.781	26.6229
734	45.5161	734	61.2899	31.8067	68.8257	26.6645
735	45.5746	735	61.3416	31.8574	68.8704	26.7061
736	45.6331	736	61.3932	31.9081	68.915	26.7479
737	45.6917	737	61.4449	31.9588	68.9597	26.7897
738	45.7503	738	61.4965	32.0096	69.0044	26.8316
739	45.8088	739	61.5481	32.0604	69.049	26.8736
740	45.8674	740	61.5998	32.1114	69.0936	26.9157
741	45.926	741	61.6514	32.1623	69.1382	26.9578
742	45.9846	742	61.703	32.2133	69.1829	27
743	46.0432	743	61.7546	32.2644	69.2275	27.0423
744	46.1018	744	61.8062	32.3154	69.272	27.0847
745	46.1605	745	61.8578	32.3666	69.3166	27.1271
746	46.2191	746	61.9093	32.4178	69.3612	27.1696
747	46.2777	747	61.9609	32.469	69.4058	27.2122
748	46.3364	748	62.0124	32.5204	69.4503	27.2549
749	46.395	749	62.064	32.5717	69.4948	27.2976
750	46.4537	750	62.1155	32.6231	69.5393	27.3405
751	46.5123	751	62.167	32.6745	69.5838	27.3833
752	46.571	752	62.2185	32.726	69.6283	27.4263
753	46.6297	753	62.2699	32.7775	69.6727	27.4693
754	46.6883	754	62.3214	32.8291	69.7171	27.5124
755	46.747	755	62.3728	32.8807	69.7615	27.5555
756	46.8057	756	62.4242	32.9324	69.8059	27.5988
757	46.8643	757	62.4756	32.984	69.8503	27.642
758	46.923	758	62.527	33.0358	69.8946	27.6854
759	46.9816	759	62.5783	33.0875	69.9389	27.7288
760	47.0402	760	62.6296	33.1393	69.9831	27.7722
761	47.0989	761	62.6809	33.1912	70.0274	27.8158
762	47.1575	762	62.7321	33.2431	70.0716	27.8593
763	47.2161	763	62.7833	33.295	70.1157	27.903
764	47.2748	764	62.8345	33.3469	70.1598	27.9467
765	47.3333	765	62.8856	33.3989	70.2039	27.9904
766	47.3919	766	62.9368	33.4509	70.248	28.0342
767	47.4505	767	62.9879	33.5029	70.292	28.078
768	47.5091	768	63.0389	33.5549	70.336	28.1219
769	47.5676	769	63.0899	33.607	70.3799	28.1658
770	47.6261	770	63.1408	33.6591	70.4238	28.2098
771	47.6846	771	63.1918	33.7113	70.4677	28.2538
772	47.7431	772	63.2426	33.7634	70.5115	28.2979
773	47.8016	773	63.2935	33.8156	70.5553	28.342
774	47.86	774	63.3443	33.8678	70.599	28.3862
775	47.9184	775	63.395	33.92	70.6426	28.4304
776	47.9768	776	63.4457	33.9722	70.6862	28.4746
777	48.0351	777	63.4963	34.0245	70.7298	28.5189
778	48.0935	778	63.5469	34.0767	70.7733	28.5632
779	48.1517	779	63.5974	34.129	70.8168	28.6075
780	48.21	780	63.6479	34.1813	70.8602	28.6519
781	48.2682	781	63.6983	34.2335	70.9035	28.6963
782	48.3264	782	63.7487	34.2858	70.9468	28.7407
783	48.3845	783	63.799	34.3381	70.99	28.7851
784	48.4427	784	63.8492	34.3904	71.0332	28.8296
785	48.5007	785	63.8994	34.4427	71.0763	28.8741
786	48.5587	786	63.9495	34.495	71.1193	28.9186
787	48.6167	787	63.9996	34.5473	71.1623	28.9632
788	48.6747	788	64.0496	34.5997	71.2052	29.0077
789	48.7326	789	64.0995	34.652	71.2481	29.0523
790	48.7904	790	64.1493	34.7043	71.2908	29.0969
791	48.8482	791	64.1991	34.7566	71.3336	29.1415
792	48.9059	792	64.2488	34.8088	71.3762	29.1861
793	48.9636	793	64.2984	34.8611	71.4187	29.2308
794	49.0212	794	64.348	34.9134	71.4612	29.2754
795	49.0788	795	64.3975	34.9656	71.5036	29.32
796	49.1363	796	64.4469	35.0178	71.546	29.3647
797	49.1937	797	64.4962	35.0701	71.5882	29.4094
798	49.2511	798	64.5454	35.1222	71.6304	29.454
799	49.3084	799	64.5945	35.1744	71.6725	29.4987
800	49.3657	800	64.6436	35.2266	71.7145	29.5433
801	49.4229	801	64.6926	35.2787	71.7564	29.588
802	49.4799	802	64.7415	35.3308	71.7983	29.6326
803	49.537	803	64.7903	35.3829	71.84	29.6773
804	49.5939	804	64.8389	35.4349	71.8817	29.7219
805	49.6508	805	64.8875	35.4869	71.9233	29.7665
806	49.7076	806	64.9361	35.5389	71.9647	29.8111
807	49.7643	807	64.9845	35.5908	72.0061	29.8557
808	49.8209	808	65.0328	35.6427	72.0474	29.9003
809	49.8775	809	65.081	35.6945	72.0887	29.9449
810	49.934	810	65.1291	35.7464	72.1298	29.9894
811	49.9904	811	65.1772	35.7982	72.1708	30.034
812	50.0467	812	65.2251	35.8499	72.2118	30.0785
813	50.103	813	65.273	35.9016	72.2526	30.123
814	50.1591	814	65.3207	35.9533	72.2934	30.1675
815	50.2152	815	65.3684	36.005	72.3341	30.212
816	50.2712	816	65.416	36.0566	72.3747	30.2565
817	50.3271	817	65.4634	36.1081	72.4152	30.301
818	50.383	818	65.5108	36.1597	72.4556	30.3454
819	50.4388	819	65.5581	36.2112	72.496	30.3899
820	50.4944	820	65.6053	36.2626	72.5362	30.4343
821	50.55	821	65.6524	36.314	72.5764	30.4787
822	50.6056	822	65.6994	36.3654	72.6164	30.5231
823	50.661	823	65.7463	36.4168	72.6564	30.5675
824	50.7164	824	65.7932	36.4681	72.6963	30.6118
825	50.7717	825	65.8399	36.5193	72.7361	30.6562
826	50.8269	826	65.8866	36.5706	72.7759	30.7005
827	50.882	827	65.9331	36.6218	72.8155	30.7448
828	50.9371	828	65.9796	36.6729	72.8551	30.7892
829	50.992	829	66.0259	36.7241	72.8945	30.8334
830	51.0469	830	66.0722	36.7751	72.9339	30.8777
831	51.1018	831	66.1184	36.8262	72.9732	30.922
832	51.1565	832	66.1645	36.8772	73.0125	30.9662
833	51.2112	833	66.2105	36.9282	73.0516	31.0105
834	51.2657	834	66.2565	36.9791	73.0907	31.0547
835	51.3202	835	66.3023	37.03	73.1296	31.0989
836	51.3747	836	66.348	37.0808	73.1685	31.1431
837	51.429	837	66.3937	37.1317	73.2074	31.1873
838	51.4833	838	66.4393	37.1825	73.2461	31.2314
839	51.5375	839	66.4848	37.2332	73.2847	31.2756
840	51.5917	840	66.5302	37.2839	73.3233	31.3197
841	51.6457	841	66.5755	37.3346	73.3618	31.3639
842	51.6997	842	66.6208	37.3853	73.4002	31.408
843	51.7536	843	66.6659	37.4359	73.4386	31.4521
844	51.8075	844	66.711	37.4865	73.4768	31.4962
845	51.8612	845	66.756	37.537	73.515	31.5403
846	51.9149	846	66.8009	37.5875	73.5531	31.5843
847	51.9685	847	66.8457	37.638	73.5912	31.6284
848	52.0221	848	66.8904	37.6884	73.6291	31.6724
849	52.0755	849	66.9351	37.7389	73.667	31.7165
850	52.129	850	66.9797	37.7892	73.7048	31.7605
851	52.1823	851	67.0242	37.8396	73.7425	31.8045
852	52.2356	852	67.0686	37.8899	73.7802	31.8485
853	52.2887	853	67.1129	37.9402	73.8178	31.8925
854	52.3419	854	67.1572	37.9904	73.8553	31.9365
855	52.3949	855	67.2014	38.0406	73.8927	31.9805
856	52.4479	856	67.2455	38.0908	73.9301	32.0245
857	52.5008	857	67.2895	38.141	73.9674	32.0684
858	52.5537	858	67.3335	38.1911	74.0046	32.1124
859	52.6065	859	67.3774	38.2412	74.0417	32.1563
860	52.6592	860	67.4212	38.2913	74.0788	32.2002
861	52.7118	861	67.4649	38.3413	74.1158	32.2442
862	52.7644	862	67.5085	38.3913	74.1528	32.2881
863	52.817	863	67.5521	38.4413	74.1897	32.332
864	52.8694	864	67.5956	38.4912	74.2265	32.3759
865	52.9218	865	67.6391	38.5412	74.2632	32.4198
866	52.9742	866	67.6824	38.5911	74.2999	32.4637
867	53.0264	867	67.7257	38.6409	74.3365	32.5076
868	53.0786	868	67.7689	38.6908	74.373	32.5515
869	53.1308	869	67.8121	38.7406	74.4095	32.5954
870	53.1829	870	67.8552	38.7904	74.4459	32.6393
871	53.2349	871	67.8982	38.8401	74.4822	32.6831
872	53.2869	872	67.9411	38.8899	74.5185	32.727
873	53.3388	873	67.984	38.9396	74.5547	32.7709
874	53.3906	874	68.0268	38.9893	74.5909	32.8147
875	53.4424	875	68.0695	39.039	74.627	32.8586
876	53.4941	876	68.1122	39.0886	74.663	32.9024
877	53.5458	877	68.1548	39.1382	74.6989	32.9463
878	53.5974	878	68.1973	39.1878	74.7348	32.9901
879	53.6489	879	68.2397	39.2374	74.7707	33.034
880	53.7005	880	68.2822	39.2869	74.8065	33.0778
881	53.7519	881	68.3245	39.3364	74.8422	33.1217
882	53.8033	882	68.3668	39.386	74.8778	33.1655
883	53.8546	883	68.409	39.4354	74.9134	33.2094
884	53.9059	884	68.4511	39.4849	74.949	33.2532
885	53.9571	885	68.4932	39.5344	74.9845	33.2971
886	54.0083	886	68.5352	39.5838	75.0199	33.3409
887	54.0594	887	68.5772	39.6332	75.0553	33.3848
888	54.1105	888	68.6191	39.6826	75.0906	33.4286
889	54.1615	889	68.6609	39.732	75.1258	33.4725
890	54.2124	890	68.7027	39.7813	75.161	33.5163
891	54.2634	891	68.7444	39.8306	75.1962	33.5602
892	54.3142	892	68.7861	39.88	75.2313	33.6041
893	54.365	893	68.8277	39.9293	75.2663	33.6479
894	54.4158	894	68.8693	39.9786	75.3013	33.6918
895	54.4665	895	68.9107	40.0278	75.3362	33.7357
896	54.5172	896	68.9522	40.0771	75.3711	33.7796
897	54.5678	897	68.9936	40.1263	75.4059	33.8235
898	54.6184	898	69.0349	40.1756	75.4407	33.8674
899	54.6689	899	69.0761	40.2248	75.4754	33.9113
900	54.7194	900	69.1174	40.274	75.5101	33.9552
901	54.7699	901	69.1585	40.3232	75.5447	33.9991
902	54.8203	902	69.1996	40.3724	75.5793	34.043
903	54.8706	903	69.2407	40.4215	75.6138	34.0869
904	54.9209	904	69.2817	40.4707	75.6483	34.1309
905	54.9712	905	69.3226	40.5198	75.6827	34.1748
906	55.0214	906	69.3636	40.569	75.7171	34.2188
907	55.0716	907	69.4044	40.6181	75.7514	34.2628
908	55.1218	908	69.4452	40.6673	75.7857	34.3068
909	55.1719	909	69.486	40.7164	75.82	34.3508
910	55.222	910	69.5267	40.7655	75.8542	34.3948
911	55.272	911	69.5673	40.8146	75.8883	34.4388
912	55.322	912	69.608	40.8637	75.9224	34.4828
913	55.372	913	69.6485	40.9128	75.9565	34.5269
914	55.4219	914	69.6891	40.9619	75.9905	34.571
915	55.4718	915	69.7295	41.011	76.0245	34.615
916	55.5217	916	69.77	41.0601	76.0584	34.6591
917	55.5715	917	69.8104	41.1092	76.0923	34.7033
918	55.6213	918	69.8507	41.1583	76.1262	34.7474
919	55.6711	919	69.8911	41.2074	76.16	34.7916
920	55.7209	920	69.9314	41.2565	76.1938	34.8358
921	55.7706	921	69.9716	41.3056	76.2276	34.88
922	55.8203	922	70.0118	41.3547	76.2613	34.9242
923	55.8699	923	70.052	41.4038	76.295	34.9685
924	55.9196	924	70.0921	41.453	76.3286	35.0128
925	55.9692	925	70.1322	41.5021	76.3622	35.0571
926	56.0189	926	70.1723	41.5512	76.3958	35.1014
927	56.0684	927	70.2123	41.6004	76.4294	35.1458
928	56.118	928	70.2523	41.6496	76.4629	35.1902
929	56.1675	929	70.2923	41.6987	76.4964	35.2346
930	56.2171	930	70.3322	41.7479	76.5298	35.279
931	56.2665	931	70.3721	41.7971	76.5632	35.3235
932	56.316	932	70.4119	41.8463	76.5966	35.368
933	56.3654	933	70.4517	41.8955	76.6299	35.4125
934	56.4148	934	70.4915	41.9447	76.6632	35.457
935	56.4642	935	70.5312	41.9939	76.6964	35.5016
936	56.5136	936	70.5709	42.0431	76.7297	35.5461
937	56.5629	937	70.6106	42.0924	76.7628	35.5907
938	56.6122	938	70.6502	42.1416	76.796	35.6354
939	56.6615	939	70.6898	42.1908	76.8291	35.68
940	56.7107	940	70.7293	42.24	76.8621	35.7246
941	56.7599	941	70.7688	42.2892	76.8951	35.7693
942	56.8091	942	70.8082	42.3384	76.9281	35.8139
943	56.8582	943	70.8476	42.3876	76.961	35.8586
944	56.9073	944	70.8869	42.4368	76.9939	35.9033
945	56.9564	945	70.9262	42.486	77.0267	35.948
946	57.0054	946	70.9655	42.5353	77.0595	35.9928
947	57.0544	947	71.0047	42.5845	77.0922	36.0375
948	57.1034	948	71.0438	42.6337	77.1249	36.0822
949	57.1523	949	71.0829	42.6828	77.1575	36.127
950	57.2012	950	71.122	42.732	77.1901	36.1717
951	57.25	951	71.1609	42.7812	77.2227	36.2165
952	57.2988	952	71.1999	42.8303	77.2552	36.2613
953	57.3475	953	71.2388	42.8794	77.2876	36.306
954	57.3962	954	71.2776	42.9286	77.32	36.3508
955	57.4449	955	71.3164	42.9777	77.3523	36.3956
956	57.4935	956	71.3551	43.0268	77.3846	36.4404
957	57.5421	957	71.3938	43.0758	77.4168	36.4852
958	57.5906	958	71.4324	43.1249	77.449	36.5299
959	57.6391	959	71.4709	43.1739	77.4811	36.5747
960	57.6875	960	71.5094	43.223	77.5132	36.6195
961	57.7359	961	71.5478	43.272	77.5452	36.6643
962	57.7842	962	71.5862	43.321	77.5772	36.709
963	57.8324	963	71.6245	43.3699	77.6091	36.7538
964	57.8806	964	71.6627	43.4189	77.6409	36.7985
965	57.9288	965	71.7009	43.4678	77.6727	36.8433
966	57.9769	966	71.739	43.5167	77.7044	36.888
967	58.0249	967	71.7771	43.5655	77.736	36.9327
968	58.0729	968	71.815	43.6144	77.7676	36.9774
969	58.1208	969	71.853	43.6632	77.7992	37.0221
970	58.1687	970	71.8908	43.7119	77.8307	37.0668
971	58.2165	971	71.9286	43.7607	77.8621	37.1115
972	58.2643	972	71.9663	43.8094	77.8934	37.1561
973	58.312	973	72.004	43.8581	77.9247	37.2008
974	58.3596	974	72.0415	43.9067	77.9559	37.2454
975	58.4071	975	72.079	43.9553	77.9871	37.29
976	58.4546	976	72.1165	44.0039	78.0182	37.3346
977	58.502	977	72.1538	44.0525	78.0492	37.3791
978	58.5494	978	72.1911	44.101	78.0802	37.4237
979	58.5967	979	72.2283	44.1495	78.1111	37.4682
980	58.6439	980	72.2655	44.1979	78.1419	37.5127
981	58.6911	981	72.3025	44.2463	78.1726	37.5572
982	58.7382	982	72.3395	44.2946	78.2033	37.6016
983	58.7852	983	72.3765	44.3429	78.2339	37.6461
984	58.8321	984	72.4133	44.3912	78.2645	37.6904
985	58.879	985	72.4501	44.4394	78.295	37.7348
986	58.9258	986	72.4868	44.4876	78.3254	37.7792
987	58.9725	987	72.5234	44.5357	78.3557	37.8235
988	59.0192	988	72.5599	44.5838	78.386	37.8678
989	59.0658	989	72.5964	44.6319	78.4162	37.912
990	59.1123	990	72.6328	44.6798	78.4463	37.9562
991	59.1587	991	72.669	44.7278	78.4764	38.0004
992	59.205	992	72.7053	44.7757	78.5064	38.0446
993	59.2513	993	72.7414	44.8235	78.5363	38.0887
994	59.2975	994	72.7775	44.8713	78.5661	38.1328
995	59.3436	995	72.8134	44.919	78.5959	38.1768
996	59.3896	996	72.8493	44.9667	78.6256	38.2208
997	59.4356	997	72.8851	45.0144	78.6552	38.2648
998	59.4814	998	72.9208	45.0619	78.6847	38.3087
999	59.5272	999	72.9565	45.1095	78.7142	38.3526
1000	59.5729	1000	72.992	45.1569	78.7436	38.3965
