192.414993	0.5509
194.001999	0.332
195.589081	0.2546
197.176178	0.1804
198.763351	0.155
200.350571	0.1209
201.937836	0.1141
203.525162	0.1087
205.112518	0.1057
206.699921	0.1068
208.287399	0.0935
209.874908	0.1124
211.462448	0.1273
213.050049	0.1511
214.637695	0.2025
216.225388	0.2666
217.813141	0.3227
219.400925	0.4135
220.98877	0.5308
222.57663	0.7176
224.164581	0.9629
225.752533	1.2028
227.340546	1.4967
228.928619	1.8246
230.516693	2.1578
232.104858	2.541
233.693039	2.9489
235.281281	3.3846
236.869537	3.8511
238.457855	4.3581
240.046219	4.8853
241.634598	5.4507
243.223053	6.0491
244.811523	6.6575
246.400055	7.3131
247.988602	7.9881
249.577194	8.7003
251.165848	9.4293
252.754517	10.1855
254.343231	10.9793
255.932007	11.7776
257.520813	12.6137
259.10965	13.4775
260.698517	14.3549
262.287415	15.2629
263.876373	16.1636
265.465363	17.1003
267.054382	18.0628
268.643433	19.0231
270.232513	19.994
271.821655	20.9772
273.410828	21.9463
275.000031	22.926
276.589264	23.8943
278.178528	24.8778
279.767822	25.8296
281.357147	26.7434
282.946533	27.6868
284.53595	28.6009
286.125366	29.471
287.714844	30.3884
289.304352	31.1814
290.89386	32.0532
292.483459	32.8448
294.073029	33.6518
295.662659	34.4388
297.252319	35.1802
298.84201	35.9259
300.431732	36.6324
302.021484	37.3273
303.611267	38.0208
305.20105	38.6836
306.790894	39.3245
308.380768	40.0042
309.970642	40.624
311.560577	41.2241
313.150543	41.8443
314.740509	42.4648
316.330505	43.0411
317.920532	43.6167
319.51059	44.1623
321.100677	44.811
322.690796	45.4085
324.280914	46.0223
325.871063	46.6276
327.461243	47.251
329.051453	47.9147
330.641693	48.5756
332.231964	49.2724
333.822235	49.9704
335.412537	50.7103
337.002869	51.5051
338.593231	52.2673
340.183594	53.0949
341.773987	53.9874
343.36441	54.8398
344.954865	55.7787
346.545319	56.6044
348.135803	57.545
349.726288	58.4703
351.316833	59.343
352.907349	60.1798
354.497894	61.1055
356.088501	61.9572
357.679108	62.7876
359.269714	63.4976
360.860352	64.2211
362.450989	64.8413
364.041687	65.4455
365.632385	65.9104
367.223083	66.4449
368.813782	66.777
370.404541	67.1538
371.9953	67.4806
373.58606	67.7589
375.176849	67.9384
376.767639	68.0098
378.358459	68.1101
379.94931	68.1634
381.540161	68.0264
383.131042	67.9574
384.721893	68.0295
386.312805	67.9871
387.903687	67.9841
389.494598	67.8912
391.08551	67.8151
392.676453	67.6759
394.267426	67.518
395.858398	67.3558
397.449371	67.2425
399.040344	66.9996
400.631348	66.8292
402.222351	66.6679
403.813385	66.5245
405.404388	66.4947
406.995422	66.2509
408.586487	66.0629
410.177551	65.8486
411.768616	65.7348
413.35968	65.6791
414.950745	65.485
416.54184	65.2333
418.132904	65.0638
419.72403	65.0463
421.315125	64.9536
422.90625	64.7887
424.497375	64.5656
426.088531	64.3694
427.679626	64.1912
429.270813	63.8675
430.861908	63.8683
432.453064	63.9178
434.04425	63.867
435.635345	63.9228
437.226501	63.954
438.817688	63.9314
440.408844	63.8468
442.000061	63.7926
443.591217	63.6291
445.182373	63.5569
446.773529	63.5061
448.364685	63.4443
449.955902	63.443
451.547058	63.3621
453.138245	63.256
454.729431	63.1685
456.320618	63.1781
457.911774	63.1937
459.502991	62.999
461.094147	63.0108
462.685303	63.1453
464.276459	63.2134
465.867676	63.1242
467.458832	62.9861
469.049988	62.9098
470.641174	62.9349
472.23233	62.9805
473.823486	62.9891
475.414642	62.9298
477.005768	62.8625
478.596924	62.9802
480.18808	62.8853
481.779205	62.8495
483.3703	63.1375
484.961487	64.0272
486.552582	64.29
488.143707	63.5839
489.734802	63.004
491.325867	62.9831
492.916992	62.8687
494.508057	62.8147
496.099182	62.8064
497.690247	62.8536
499.281311	62.9015
500.872314	62.8627
502.463379	62.8891
504.054382	62.9063
505.645416	62.7957
507.23642	62.9609
508.827454	63.0291
510.418457	63.0104
512.009399	63.0858
513.600403	63.2078
515.191345	63.1673
516.782288	63.1885
518.37323	63.2463
519.964172	63.1618
521.555054	63.1892
523.145935	63.1959
524.736877	63.1861
526.327759	63.2448
527.918579	63.3161
529.509399	63.4005
531.10022	63.429
532.69104	63.4662
534.28186	63.4779
535.872681	63.4982
537.463379	63.6119
539.054138	63.5595
540.644897	63.599
542.235596	63.6946
543.826294	63.7875
545.416992	63.8065
547.00769	63.8143
548.598267	63.8085
550.188904	63.8628
551.779541	63.9203
553.370117	63.882
554.960693	63.9177
556.55127	63.9648
558.141785	63.974
559.7323	63.9841
561.322815	64.0357
562.913269	64.0521
564.503723	64.1043
566.094116	64.1903
567.68457	64.3323
569.274963	64.5798
570.865295	64.7098
572.455688	64.6317
574.045959	64.6158
575.636292	64.8386
577.226501	64.936
578.816772	64.9008
580.406982	64.9187
581.997192	64.8577
583.587341	64.704
585.177551	64.7911
586.767639	64.9407
588.357788	65.0993
589.947815	65.0571
591.537842	65.0674
593.127869	65.0979
594.717896	65.2185
596.307861	65.2679
597.897766	65.2255
599.487671	65.191
601.077576	65.2733
602.667419	65.433
604.257202	65.5266
605.847046	65.4962
607.436829	65.5004
609.02655	65.5117
610.616272	65.5447
612.205933	65.7152
613.795532	65.8538
615.385193	65.7905
616.974731	65.8764
618.564331	66.005
620.15387	66.1316
621.743347	66.1596
623.332825	66.2028
624.922241	66.1356
626.511597	66.1986
628.100952	66.2263
629.690308	66.2875
631.279602	66.4735
632.868835	66.4308
634.458069	66.4496
636.047241	66.4635
637.636353	66.5807
639.225464	66.7393
640.814575	66.8225
642.403625	66.9025
643.992615	66.9177
645.581604	66.9791
647.170532	66.9567
648.759399	66.913
650.348267	67.0885
651.937134	67.1418
653.525879	66.9011
655.114624	66.3377
656.703308	66.404
658.291992	66.9746
659.880615	67.3038
661.469177	67.3962
663.057739	67.5326
664.64624	67.6275
666.234741	67.6764
667.82312	67.8043
669.411499	67.9776
670.999878	67.9845
672.588135	67.9971
674.176392	67.9168
675.764587	67.8892
677.352783	68.0898
678.940918	68.1985
680.528992	68.2334
682.117065	68.1419
683.705017	68.117
685.292969	68.2323
686.88092	68.3414
688.46875	68.2752
690.056519	68.4262
691.644348	68.632
693.232056	68.6031
694.819702	68.6664
696.407349	68.7684
697.994934	68.7845
699.582458	68.8118
701.169983	68.8295
702.757446	68.8653
704.344849	68.9285
705.932129	69.0116
707.519409	69.0369
709.106689	69.2423
710.693909	69.2676
712.281067	69.3076
713.868103	69.3758
715.4552	69.4409
717.042175	69.501
718.629089	69.6031
720.216003	69.7127
721.802856	69.7889
723.389648	69.7129
724.976379	69.6519
726.56311	69.7777
728.149719	69.8319
729.736267	69.7848
731.322815	69.9124
732.909302	70.0161
734.495728	70.1425
736.082092	70.2224
737.668335	70.1596
739.254639	70.1864
740.84082	70.3444
742.426941	70.4808
744.013062	70.4478
745.59906	70.4801
747.185059	70.4597
748.770996	70.4602
750.356812	70.5434
751.942688	70.7118
753.528442	70.7323
755.114136	70.7715
756.699707	70.7659
758.285278	70.9583
759.870789	70.98
761.456238	70.9942
763.041626	71.1469
764.627014	71.2657
766.21228	71.2204
767.797485	71.2449
769.382629	71.2408
770.967712	71.2542
772.552734	71.3674
774.137695	71.4371
775.722595	71.4789
777.307495	71.4652
778.892212	71.3921
780.476929	71.5686
782.061646	71.6546
783.646179	71.7588
785.230713	71.6753
786.815186	71.8428
788.399597	71.7777
789.983948	71.9462
791.568237	71.9425
793.152405	71.9617
794.736511	72.0803
796.320618	71.9622
797.904663	72.052
799.488586	72.1379
801.072388	72.153
802.65625	72.2826
804.23999	72.2026
805.823608	72.3788
807.407227	72.5181
808.990784	72.4432
810.574219	72.6035
812.157593	72.7628
813.740967	72.7595
815.324219	72.7691
816.907349	72.9335
818.49054	72.8303
820.073547	72.9192
821.656555	73.2083
823.239441	73.0409
824.822266	72.9729
826.404968	73.0183
827.987671	73.0499
829.570313	73.1133
831.152832	73.1113
832.735352	73.1806
834.317688	73.1735
835.900024	73.2997
837.4823	73.4462
839.064453	73.5915
840.646606	73.7508
842.228638	73.6326
843.810547	73.5529
845.392395	73.6344
846.974243	73.7355
848.555847	73.7534
850.137512	73.6649
851.719116	73.876
853.300598	73.9483
854.882019	74.2187
856.463379	74.0296
858.044617	74.1483
859.625793	74.3044
861.206848	74.0921
862.787903	74.343
864.368835	74.5137
865.949707	74.249
867.530457	74.432
869.111145	74.3268
870.691772	74.2503
872.272339	74.7707
873.852722	74.4451
875.433228	74.181
877.013489	74.7121
878.593628	74.8225
880.173828	74.2969
881.753784	74.6495
883.333801	75.3248
884.913696	74.9661
886.493469	74.297
888.073242	74.5882
889.652832	75.2483
891.2323	74.8852
892.811829	74.2161
894.391235	74.4331
895.97052	75.3819
897.549683	76.0449
899.128784	75.44
900.707825	74.6248
902.286804	74.5258
903.865601	75.4854
905.444458	76.3562
907.023071	76.4267
908.601685	75.7361
910.180176	74.8475
911.758606	74.2959
913.336914	74.3253
914.915161	74.6096
916.493347	75.0758
918.071411	75.7703
919.649292	76.191
921.227234	76.3892
922.804993	76.4058
924.38269	76.4079
925.960327	76.3175
927.537781	76.5874
929.115234	76.7216
930.692566	76.7223
932.269836	76.8114
933.846985	76.6162
935.424011	76.4021
937.000977	76.3016
938.57782	76.1544
940.154602	75.8766
941.731262	75.6009
943.307922	75.7187
944.884399	75.881
946.460754	76.1192
948.036987	76.5015
949.613281	76.542
951.189331	76.4839
952.76532	76.5232
954.341309	76.6276
955.917114	76.8006
957.492798	76.5765
959.068359	76.5998
960.643921	76.9992
962.21936	76.9696
963.794617	77.0758
965.369934	76.9387
966.945007	76.7982
968.52002	77.0263
970.09491	77.0137
971.6698	76.9024
973.244507	77.2358
974.819153	77.1094
976.393677	77.0624
977.968079	77.1584
979.542358	77.2073
981.116577	77.3374
982.690735	77.2928
984.264771	77.1965
985.838684	77.1234
987.412415	77.2012
988.986145	77.2746
990.559753	77.4175
992.133179	77.3254
993.706665	77.3892
995.279907	77.4485
996.853027	77.6103
998.426147	77.6708
999.999146	77.8083
