395.37	37.183	192.414993	51.9197	15.1643	67.1704	11.22	81.9019	12.8841
396.68	37.767	194.001999	51.6979	14.9869	66.9481	11.0957	81.5128	12.5638
397.99	35.836	195.589081	51.801	15.0146	66.7238	10.944	81.3957	12.3123
399.3	35.223	197.176178	51.9093	14.9492	66.9106	10.8505	81.3938	11.9691
400.61	34.519	198.763351	52.0143	15.0992	67.0144	10.7435	81.4379	11.6868
401.92	34.165	200.350571	52.1109	15.0399	66.9968	10.6817	81.2559	11.3741
403.24	34.325	201.937836	52.141	15.1393	67.1076	10.6154	81.2906	11.0746
404.55	34.553	203.525162	52.5042	15.3271	67.4725	10.5594	81.5489	10.7551
405.86	34.509	205.112518	52.9083	15.4142	67.7913	10.4783	81.9164	10.3809
407.17	34.441	206.699921	53.2846	15.5174	68.1515	10.428	82.3299	10.0384
408.48	34.156	208.287399	53.4756	15.5679	68.4023	10.3033	82.4558	9.5839
409.79	34.232	209.874908	53.526	15.5909	68.5079	10.1677	82.3828	9.1513
411.1	34.498	211.462448	53.7301	15.6196	68.6191	10.038	82.6625	8.6625
412.41	34.987	213.050049	53.7269	15.5993	68.6132	9.8318	82.6324	8.1881
413.72	35.506	214.637695	53.8666	15.5234	68.6619	9.6385	82.7367	7.7262
415.02	35.468	216.225388	53.8811	15.4251	68.6867	9.386	82.8564	7.2463
416.33	35.265	217.813141	53.684	15.2792	68.4924	9.1142	82.6721	6.7832
417.64	35.223	219.400925	53.6243	15.0939	68.3209	8.8584	82.4556	6.3302
418.95	35.248	220.98877	53.49	14.9139	68.2198	8.597	82.3731	5.9412
420.26	35.434	222.57663	53.2586	14.7432	68.038	8.3303	82.1752	5.5501
421.57	35.569	224.164581	53.194	14.5869	68.096	8.09	82.2228	5.2084
422.87	35.919	225.752533	53.1702	14.3977	68.0158	7.873	82.2951	4.8799
424.18	35.964	227.340546	53.1521	14.3137	68.0868	7.6903	82.4515	4.5745
425.49	36.122	228.928619	53.0153	14.1111	67.9548	7.4324	82.3263	4.2743
426.79	35.874	230.516693	52.7977	13.9067	67.7258	7.2026	82.0821	3.9602
428.1	35.851	232.104858	52.4707	13.7032	67.4031	6.9682	81.7254	3.6811
429.41	35.933	233.693039	52.4332	13.5605	67.2877	6.7641	81.6014	3.4167
430.71	36.278	235.281281	52.3191	13.4021	67.1753	6.5986	81.5187	3.1821
432.02	36.425	236.869537	52.2309	13.278	67.2193	6.403	81.57	2.9346
433.32	36.547	238.457855	52.2133	13.1616	67.1168	6.211	81.5243	2.6974
434.63	36.456	240.046219	52.0534	12.9941	66.9951	6.0181	81.4772	2.4708
435.93	36.415	241.634598	51.8852	12.8041	66.7859	5.8027	81.2075	2.2525
437.24	36.408	243.223053	51.6089	12.5907	66.4578	5.5507	80.8518	2.0286
438.54	36.46	244.811523	51.2694	12.3561	66.0937	5.3346	80.4736	1.8384
439.85	36.662	246.400055	50.9878	12.0845	65.7019	5.0857	80.0734	1.6579
441.15	36.778	247.988602	50.6271	11.8034	65.2835	4.837	79.7318	1.4985
442.46	36.926	249.577194	50.2404	11.5342	64.7877	4.5838	79.2906	1.3602
443.76	36.951	251.165848	49.8599	11.2449	64.393	4.3216	78.9042	1.2449
445.06	36.904	252.754517	49.3893	10.9398	63.9346	4.0769	78.4614	1.1592
446.37	36.9	254.343231	48.9461	10.6265	63.456	3.8062	78.0482	1.1013
447.67	36.896	255.932007	48.4512	10.2782	62.9369	3.5468	77.6049	1.0612
448.97	36.981	257.520813	47.9592	9.9355	62.4385	3.2957	77.1692	1.0647
450.28	36.93	259.10965	47.3356	9.5618	61.8665	3.0332	76.6087	1.0858
451.58	36.976	260.698517	46.7111	9.1764	61.1948	2.7607	76.1122	1.1453
452.88	36.972	262.287415	46.0173	8.7755	60.4575	2.4931	75.4675	1.2324
454.18	37.048	263.876373	45.2778	8.3385	59.7057	2.2486	74.826	1.3442
455.48	37.115	265.465363	44.4399	7.9037	58.8051	1.9918	74.0263	1.4937
456.78	37.159	267.054382	43.5982	7.4499	57.9007	1.752	73.1752	1.6579
458.09	37.263	268.643433	42.7036	7.0111	56.9155	1.5276	72.3754	1.8456
459.39	37.294	270.232513	41.7645	6.5822	55.9471	1.3204	71.4484	2.056
460.69	37.34	271.821655	40.9312	6.1925	55.0355	1.1268	70.7133	2.2982
461.99	37.308	273.410828	40.0668	5.8084	54.208	0.9564	69.922	2.5437
463.29	37.226	275.000031	39.2515	5.4323	53.3386	0.8044	69.3052	2.8077
464.59	37.176	276.589264	38.3981	5.0714	52.5247	0.6623	68.5788	3.082
465.89	37.248	278.178528	37.5852	4.7488	51.6518	0.5425	67.8728	3.3541
467.19	37.44	279.767822	36.791	4.402	50.7423	0.4376	67.1008	3.6309
468.49	37.443	281.357147	36.0475	4.1107	49.936	0.3506	66.468	3.8955
469.78	37.46	282.946533	35.2883	3.8431	49.2813	0.284	65.9099	4.1785
471.08	37.397	284.53595	34.6655	3.5998	48.6554	0.2323	65.4385	4.4624
472.38	37.435	286.125366	34.0202	3.3843	47.9968	0.1921	64.9192	4.732
473.68	37.38	287.714844	33.4716	3.1879	47.4289	0.1643	64.4936	5.0015
474.98	37.462	289.304352	32.8884	3.0156	46.8756	0.1513	64.0448	5.2464
476.28	37.47	290.89386	32.4219	2.8545	46.4555	0.1464	63.6611	5.4862
477.57	37.512	292.483459	32.0095	2.7356	46.0643	0.1537	63.4003	5.7174
478.87	37.552	294.073029	31.6089	2.6101	45.6751	0.168	63.0902	5.926
480.17	37.553	295.662659	31.334	2.51	45.4499	0.19	62.9571	6.147
481.46	37.538	297.252319	31.0424	2.4345	45.2027	0.2178	62.7311	6.3294
482.76	37.408	298.84201	30.7429	2.3624	44.9545	0.2536	62.4931	6.5052
484.06	37.432	300.431732	30.581	2.3138	44.8544	0.293	62.4403	6.6428
485.35	37.412	302.021484	30.4055	2.2794	44.6656	0.3365	62.2708	6.7751
486.65	37.399	303.611267	30.3223	2.2677	44.6117	0.3858	62.2628	6.9133
487.94	37.386	305.20105	30.2494	2.2457	44.6098	0.4388	62.27	7.0575
489.24	37.442	306.790894	30.177	2.253	44.5593	0.4922	62.2844	7.1908
490.54	37.506	308.380768	30.2366	2.2707	44.682	0.5461	62.3833	7.2843
491.83	37.504	309.970642	30.2907	2.2977	44.802	0.605	62.4773	7.3829
493.12	37.433	311.560577	30.3404	2.321	44.8922	0.6676	62.5804	7.4857
494.42	37.363	313.150543	30.4564	2.366	45.0062	0.7271	62.6811	7.5724
495.71	37.308	314.740509	30.6009	2.4177	45.2521	0.7864	62.8535	7.6407
497.01	37.331	316.330505	30.7619	2.4679	45.4893	0.8519	63.1065	7.7183
498.3	37.301	317.920532	30.9396	2.5293	45.7083	0.9184	63.1773	7.7697
499.59	37.352	319.51059	31.1447	2.6001	45.9241	0.9847	63.3393	7.8447
500.89	37.337	321.100677	31.4178	2.6931	46.254	1.0448	63.7604	7.8853
502.18	37.346	322.690796	31.5955	2.7585	46.5648	1.1171	63.9677	7.9502
503.47	37.26	324.280914	31.8646	2.849	46.7955	1.1848	64.1693	7.974
504.77	37.135	325.871063	32.132	2.9254	47.1426	1.2462	64.4501	7.9981
506.06	37.067	327.461243	32.417	3.017	47.5473	1.3176	64.6747	8.0495
507.35	37.046	329.051453	32.6708	3.1104	47.854	1.3837	64.8688	8.0874
508.64	37.112	330.641693	33.0469	3.2096	48.218	1.4644	65.1395	8.1249
509.93	37.097	332.231964	33.3836	3.3267	48.6042	1.5364	65.4386	8.1469
511.22	37.107	333.822235	33.7071	3.4076	49.0468	1.6142	65.7395	8.1716
512.52	37.072	335.412537	34.0122	3.5447	49.3704	1.7048	65.8972	8.2042
513.81	37.071	337.002869	34.4669	3.6704	49.8455	1.7868	66.3004	8.2452
515.1	37.051	338.593231	34.8661	3.8024	50.2981	1.8651	66.5148	8.2525
516.39	37.074	340.183594	35.3228	3.9417	50.7972	1.9564	66.8836	8.2894
517.68	37.063	341.773987	35.836	4.1041	51.2771	2.0573	67.1988	8.3024
518.97	37.042	343.36441	36.3083	4.259	51.8509	2.1493	67.5815	8.3108
520.26	36.991	344.954865	36.8805	4.4425	52.4446	2.2527	67.8912	8.3621
521.55	36.956	346.545319	37.4657	4.6342	53.0819	2.3638	68.3778	8.3511
522.84	36.941	348.135803	38.0644	4.8251	53.6701	2.4773	68.7448	8.3497
524.13	36.919	349.726288	38.6555	5.0417	54.2737	2.599	69.0384	8.3352
525.41	36.93	351.316833	39.3004	5.2625	55.017	2.7156	69.5125	8.3045
526.7	36.872	352.907349	40.0994	5.5224	55.7733	2.8465	69.9962	8.2802
527.99	36.844	354.497894	40.753	5.7552	56.5159	2.9843	70.3845	8.2447
529.28	36.803	356.088501	41.5271	6.0382	57.1906	3.1078	70.7516	8.164
530.57	36.776	357.679108	42.4004	6.3288	57.99	3.2615	70.81	8.0353
531.85	36.765	359.269714	43.2406	6.637	58.788	3.4007	71.5535	8.0084
533.14	36.727	360.860352	44.023	6.922	59.7484	3.5526	72.267	7.945
534.43	36.731	362.450989	44.7784	7.2659	60.5459	3.7113	72.5906	7.7946
535.71	36.667	364.041687	45.7486	7.5904	61.4646	3.8513	73.0767	7.6842
537	36.645	365.632385	46.522	7.8973	62.3171	3.9825	73.6131	7.5566
538.29	36.607	367.223083	47.4335	8.2071	63.1066	4.1254	74.1043	7.3924
539.57	36.582	368.813782	48.1823	8.5202	63.778	4.2052	74.4026	7.21
540.86	36.536	370.404541	48.8931	8.8328	64.4279	4.3434	74.7196	7.0242
542.15	36.501	371.9953	49.6542	9.1241	65.0747	4.4462	74.9227	6.828
543.43	36.452	373.58606	50.3516	9.3987	65.8041	4.5583	75.1388	6.6452
544.72	36.465	375.176849	51.0122	9.6883	66.4483	4.6504	75.5241	6.4438
546	36.425	376.767639	51.6389	9.9676	67.0898	4.7404	75.8401	6.2871
547.29	36.42	378.358459	52.2545	10.2284	67.6748	4.8383	76.1219	6.0739
548.57	36.354	379.94931	52.8582	10.4904	68.148	4.9358	76.2454	5.8906
549.85	36.318	381.540161	53.4247	10.737	68.757	4.984	76.5625	5.6817
551.14	36.279	383.131042	53.9728	10.9464	69.2952	5.066	76.7908	5.4946
552.42	36.256	384.721893	54.2872	11.1222	69.5807	5.088	76.8251	5.286
553.71	36.198	386.312805	54.7338	11.3276	69.9441	5.1341	76.9975	5.0737
554.99	36.147	387.903687	55.1068	11.5091	70.2632	5.1836	77.0115	4.9002
556.27	36.104	389.494598	55.4508	11.6206	70.598	5.1992	77.0508	4.721
557.55	36.1	391.08551	55.732	11.7403	70.8432	5.2106	77.0676	4.5225
558.84	36.061	392.676453	56.0996	11.8878	71.3186	5.2387	77.2012	4.3366
560.12	36.024	394.267426	56.3175	12.0266	71.3911	5.2476	77.3094	4.1923
561.4	35.988	395.858398	56.5682	12.1164	71.5473	5.2513	77.3377	4.0062
562.68	35.969	397.449371	56.8985	12.2237	71.7845	5.2686	77.445	3.8772
563.96	35.931	399.040344	57.035	12.3324	71.9251	5.2684	77.4842	3.7165
565.25	35.88	400.631348	57.1315	12.3907	72.0647	5.2492	77.4973	3.5695
566.53	35.828	402.222351	57.2599	12.4429	72.2114	5.2392	77.5839	3.4229
567.81	35.78	403.813385	57.5796	12.5515	72.4533	5.2387	77.8049	3.2843
569.09	35.753	405.404388	57.7954	12.6228	72.6856	5.2355	77.9438	3.1576
570.37	35.708	406.995422	57.814	12.6349	72.8333	5.2539	78.0988	3.0386
571.65	35.661	408.586487	58.0292	12.7382	73.0479	5.2491	78.2377	2.9179
572.93	35.603	410.177551	58.1383	12.817	73.1262	5.2472	78.2525	2.7887
574.21	35.561	411.768616	58.2718	12.853	73.2609	5.2234	78.3812	2.6793
575.49	35.538	413.35968	58.3652	12.9316	73.2922	5.2239	78.4532	2.5644
576.77	35.502	414.950745	58.5235	12.9861	73.5063	5.1917	78.4562	2.479
578.05	35.454	416.54184	58.5928	13.0152	73.6501	5.1929	78.618	2.369
579.33	35.397	418.132904	58.583	13.0448	73.6825	5.1929	78.6279	2.2797
580.6	35.339	419.72403	58.8165	13.1179	73.8617	5.1788	78.7627	2.1784
581.88	35.328	421.315125	58.8978	13.1386	74.0184	5.1765	78.829	2.0966
583.16	35.298	422.90625	59.0345	13.1791	74.0056	5.1382	78.6385	2.0052
584.44	35.263	424.497375	59.0735	13.1726	74.0956	5.1232	78.7168	1.9338
585.72	35.207	426.088531	59.1079	13.1546	74.175	5.1024	78.7358	1.8602
586.99	35.164	427.679626	59.1294	13.1928	74.1442	5.0888	78.8018	1.7863
588.27	35.132	429.270813	59.2257	13.2281	74.2413	5.071	78.8304	1.7194
589.55	35.094	430.861908	59.1424	13.2307	74.2565	5.0419	78.7444	1.66
590.82	35.046	432.453064	59.3069	13.2274	74.3786	5.0258	78.7199	1.5925
592.1	34.996	434.04425	59.2648	13.2604	74.3766	4.9995	78.7006	1.5382
593.38	34.95	435.635345	59.2913	13.2323	74.3993	4.9702	78.6442	1.4925
594.65	34.894	437.226501	59.4031	13.2694	74.5288	4.9564	78.8561	1.4275
595.93	34.856	438.817688	59.4716	13.2785	74.6112	4.9341	78.7677	1.3854
597.2	34.817	440.408844	59.3948	13.2477	74.3874	4.8897	78.5964	1.3318
598.48	34.785	442.000061	59.4641	13.2699	74.6148	4.8767	78.6588	1.3029
599.75	34.738	443.591217	59.5353	13.2719	74.5328	4.8729	78.6098	1.251
601.03	34.682	445.182373	59.4038	13.2328	74.4767	4.8489	78.4104	1.2118
602.3	34.668	446.773529	59.3334	13.2111	74.4715	4.8246	78.4699	1.181
603.58	34.641	448.364685	59.4548	13.244	74.6228	4.8046	78.4976	1.1431
604.85	34.629	449.955902	59.5086	13.2233	74.6237	4.7913	78.3891	1.1064
606.12	34.576	451.547058	59.3733	13.2034	74.6206	4.7515	78.57	1.073
607.4	34.512	453.138245	59.435	13.1753	74.5417	4.7129	78.5408	1.0413
608.67	34.463	454.729431	59.5085	13.1559	74.5133	4.6918	78.629	1.0092
609.94	34.399	456.320618	59.3689	13.1493	74.3807	4.6586	78.5514	0.9916
611.22	34.363	457.911774	59.4392	13.1338	74.45	4.6655	78.6077	0.9682
612.49	34.317	459.502991	59.4342	13.1257	74.5268	4.5958	78.7111	0.9352
613.76	34.305	461.094147	59.3679	13.1283	74.4657	4.5912	78.7687	0.904
615.03	34.269	462.685303	59.5186	13.0801	74.6258	4.5802	78.9747	0.8989
616.3	34.219	464.276459	59.5431	13.0953	74.5994	4.5604	78.8892	0.8712
617.58	34.144	465.867676	59.4374	13.0698	74.566	4.5203	78.7209	0.8554
618.85	34.105	467.458832	59.3453	13.0301	74.5879	4.4977	78.8604	0.8406
620.12	34.071	469.049988	59.1371	12.9838	74.4812	4.4689	78.8044	0.8265
621.39	34.017	470.641174	59.0981	12.9042	74.3779	4.4434	78.7814	0.8103
622.66	33.953	472.23233	59.1375	12.9249	74.3172	4.4025	78.8803	0.8008
623.93	33.879	473.823486	59.13	12.8929	74.3573	4.3773	78.9406	0.7945
625.2	33.856	475.414642	59.0569	12.8869	74.3556	4.3516	78.9924	0.7879
626.47	33.828	477.005768	59.1501	12.8614	74.4934	4.327	78.9954	0.7807
627.74	33.786	478.596924	59.1314	12.858	74.3825	4.3009	78.9497	0.7808
629.01	33.727	480.18808	59.3279	12.8653	74.393	4.3029	79.0279	0.7789
630.28	33.65	481.779205	59.213	12.7836	74.2936	4.2592	78.797	0.7811
631.55	33.608	483.3703	59.2412	12.8124	74.3764	4.2319	78.7589	0.7862
632.82	33.575	484.961487	59.2923	12.7873	74.38	4.2208	78.8218	0.791
634.09	33.554	486.552582	59.3102	12.7962	74.2614	4.2006	78.7153	0.7983
635.35	33.515	488.143707	59.0092	12.6825	74.0233	4.1619	78.4825	0.8054
636.62	33.459	489.734802	58.9496	12.6219	74.0842	4.1435	78.5237	0.8083
637.89	33.401	491.325867	59.0047	12.6123	74.2763	4.1362	78.6875	0.8196
639.16	33.346	492.916992	58.9916	12.5982	74.169	4.122	78.6774	0.8388
640.42	33.291	494.508057	58.8555	12.5738	74.0752	4.0912	78.7429	0.8618
641.69	33.245	496.099182	58.858	12.5461	74.146	4.0529	78.7867	0.8773
642.96	33.224	497.690247	58.8506	12.4947	73.963	4.0507	78.6096	0.884
644.22	33.18	499.281311	58.6951	12.442	73.9299	4.0064	78.46	0.9019
645.49	33.131	500.872314	58.7329	12.4323	74.0093	4.0217	78.5848	0.9229
646.76	33.068	502.463379	58.617	12.3911	73.8157	3.965	78.2329	0.9386
648.02	33.024	504.054382	58.6096	12.3695	73.8979	3.9496	78.1255	0.9547
649.29	32.999	505.645416	58.4749	12.2973	73.8625	3.9305	78.0643	0.9826
650.55	32.961	507.23642	58.4047	12.2604	73.7902	3.8944	78.0757	0.9911
651.82	32.941	508.827454	58.4284	12.239	73.8073	3.8884	78.0789	1.0116
653.08	32.899	510.418457	58.3101	12.2126	73.6272	3.851	77.9613	1.0284
654.35	32.871	512.009399	58.2485	12.181	73.5385	3.8271	77.8956	1.0528
655.61	32.823	513.600403	58.2274	12.151	73.5401	3.7911	77.7969	1.0834
656.88	32.791	515.191345	58.3171	12.0958	73.6297	3.7752	77.8677	1.0931
658.14	32.734	516.782288	58.2022	12.0939	73.3476	3.7335	77.7941	1.1172
659.41	32.686	518.37323	58.037	12.0226	73.3104	3.7424	77.7246	1.1423
660.67	32.616	519.964172	58.0448	11.9848	73.5189	3.7063	77.8006	1.1608
661.93	32.573	521.555054	58.0822	11.975	73.505	3.6888	77.8539	1.1828
663.2	32.54	523.145935	58.0656	11.9357	73.2538	3.6787	77.879	1.2056
664.46	32.483	524.736877	57.962	11.895	73.2001	3.6384	77.8916	1.2319
665.72	32.45	526.327759	57.7919	11.8233	73.1172	3.6019	77.8929	1.2573
666.98	32.405	527.918579	57.7273	11.8118	73.0865	3.5826	77.8731	1.2851
668.25	32.386	529.509399	57.7317	11.7826	73.1187	3.5765	77.7824	1.3048
669.51	32.323	531.10022	57.7296	11.7477	72.9972	3.553	77.794	1.3229
670.77	32.26	532.69104	57.6647	11.7306	72.8562	3.5206	77.6925	1.3427
672.03	32.208	534.28186	57.5248	11.6721	72.6196	3.5075	77.6204	1.3639
673.29	32.177	535.872681	57.5146	11.6344	72.7342	3.4911	77.8768	1.3992
674.55	32.117	537.463379	57.5389	11.5944	72.9173	3.4832	78.0992	1.4251
675.81	32.051	539.054138	57.2513	11.5472	72.7683	3.4564	77.8579	1.4459
677.07	31.974	540.644897	57.3532	11.5395	72.8162	3.4527	77.9592	1.4708
678.33	31.942	542.235596	57.4776	11.5372	72.9212	3.4498	78.0947	1.4894
679.59	31.905	543.826294	57.2903	11.4895	72.6375	3.4328	78.0522	1.5136
680.85	31.878	545.416992	57.2955	11.4429	72.4116	3.3995	77.9477	1.5538
682.11	31.815	547.00769	57.3369	11.4087	72.3997	3.3912	77.979	1.5789
683.37	31.797	548.598267	57.222	11.3799	72.3867	3.3774	77.9866	1.6061
684.63	31.749	550.188904	57.2168	11.3265	72.2896	3.3548	77.8797	1.634
685.89	31.722	551.779541	56.9795	11.2966	72.0813	3.3335	77.7447	1.6723
687.15	31.666	553.370117	56.9012	11.2183	72.0235	3.305	77.7329	1.6915
688.41	31.64	554.960693	56.8765	11.2337	72.0225	3.2869	77.6171	1.7193
689.66	31.592	556.55127	56.8863	11.19	72.053	3.2739	77.6086	1.7505
690.92	31.533	558.141785	56.9866	11.1725	72.1722	3.2591	77.8087	1.7812
692.18	31.478	559.7323	56.8954	11.1103	72.0938	3.2499	77.7239	1.8163
693.44	31.44	561.322815	56.7556	11.0596	71.9388	3.2191	77.7053	1.8551
694.69	31.406	562.913269	56.8039	11.0501	71.7222	3.2078	77.5955	1.8909
695.95	31.358	564.503723	56.7507	11.0225	71.7366	3.1791	77.6588	1.9374
697.21	31.3	566.094116	56.7452	10.9899	71.8018	3.1464	77.6746	1.9648
698.46	31.247	567.68457	56.68	10.9563	71.8263	3.1344	77.6558	1.996
699.72	31.212	569.274963	56.6178	10.9117	71.7013	3.1204	77.5251	2.0478
700.98	31.175	570.865295	56.532	10.8831	71.5625	3.1014	77.3332	2.0725
702.23	31.126	572.455688	56.5039	10.8476	71.5338	3.0719	77.1833	2.1135
703.49	31.088	574.045959	56.4821	10.8321	71.4792	3.0554	77.1702	2.1439
704.74	31.065	575.636292	56.4676	10.7965	71.5815	3.0492	77.0506	2.1867
706	31.029	577.226501	56.3951	10.7786	71.4738	3.0327	76.8758	2.234
707.25	30.968	578.816772	56.3283	10.7376	71.4493	3.0154	77.0831	2.2754
708.51	30.91	580.406982	56.3546	10.6903	71.3944	2.9968	77.0525	2.3164
709.76	30.863	581.997192	56.1544	10.6189	71.1548	2.973	76.9554	2.3571
711.01	30.828	583.587341	56.1574	10.629	71.1985	2.9628	77.0128	2.4021
712.27	30.785	585.177551	56.0284	10.5541	71.1386	2.9369	76.6949	2.424
713.52	30.778	586.767639	55.992	10.5384	71.085	2.9345	76.6456	2.4671
714.78	30.729	588.357788	55.9806	10.5263	70.9457	2.9075	76.5995	2.5178
716.03	30.696	589.947815	55.843	10.4461	70.9896	2.9053	76.3827	2.5482
717.28	30.643	591.537842	55.7682	10.4011	70.9565	2.9077	76.4274	2.5867
718.53	30.607	593.127869	55.6875	10.3812	70.7162	2.879	76.3315	2.6377
719.79	30.568	594.717896	55.6304	10.3669	70.7769	2.8693	76.5434	2.672
721.04	30.506	596.307861	55.7206	10.3472	70.8323	2.864	76.591	2.726
722.29	30.461	597.897766	55.8408	10.3157	70.7637	2.8595	76.6066	2.7592
723.54	30.399	599.487671	55.6707	10.2777	70.6199	2.8438	76.5054	2.7946
724.79	30.379	601.077576	55.6448	10.2267	70.5924	2.8382	76.5806	2.8411
726.04	30.336	602.667419	55.5347	10.2138	70.6815	2.8236	76.7054	2.8871
727.29	30.289	604.257202	55.4266	10.1625	70.4986	2.808	76.6492	2.9097
728.55	30.217	605.847046	55.4592	10.117	70.8103	2.8189	76.7054	2.9623
729.8	30.172	607.436829	55.3759	10.0775	70.6317	2.8039	76.4483	2.9864
731.05	30.135	609.02655	55.1512	9.9999	70.2982	2.7761	76.3632	3.0188
732.3	30.119	610.616272	54.9421	9.9682	70.1378	2.7614	76.3756	3.0591
733.55	30.076	612.205933	54.894	9.944	69.9892	2.7447	76.243	3.0999
734.8	30.037	613.795532	54.9581	9.9183	69.9829	2.734	76.2102	3.1285
736.04	29.99	615.385193	54.8476	9.8839	69.9399	2.7338	76.1487	3.155
737.29	29.936	616.974731	54.7546	9.8254	70.0093	2.7007	76.1527	3.2023
738.54	29.906	618.564331	54.7252	9.7863	70.0721	2.6929	76.1639	3.2326
739.79	29.864	620.15387	54.6775	9.7656	69.9775	2.6919	76.2323	3.2681
741.04	29.844	621.743347	54.5496	9.7561	69.8135	2.6808	76.137	3.2998
742.29	29.787	623.332825	54.5622	9.7055	70.0499	2.6805	76.3441	3.3516
743.53	29.736	624.922241	54.3983	9.6469	69.7396	2.6526	76.2092	3.3808
744.78	29.692	626.511597	54.3096	9.638	69.5733	2.6187	76.2091	3.4089
746.03	29.659	628.100952	54.1535	9.5963	69.2328	2.5994	76.0619	3.4439
747.28	29.616	629.690308	54.1899	9.5575	69.5491	2.5882	76.2194	3.4756
748.52	29.558	631.279602	54.1895	9.5258	69.4882	2.5813	76.0654	3.4991
749.77	29.509	632.868835	54.0734	9.5074	69.3814	2.5579	75.943	3.5232
751.02	29.481	634.458069	53.9259	9.4518	69.3706	2.5581	75.9177	3.5545
752.26	29.469	636.047241	53.7823	9.4082	69.2583	2.533	76.0599	3.5965
753.51	29.419	637.636353	53.4206	9.3194	69.0468	2.514	75.6912	3.6298
754.75	29.343	639.225464	53.4554	9.2776	69.1209	2.497	75.5795	3.6595
756	29.28	640.814575	53.6694	9.2936	69.145	2.4872	75.6419	3.6886
757.25	29.267	642.403625	53.6808	9.2726	69.04	2.4752	75.681	3.732
758.49	29.252	643.992615	53.6676	9.2496	69.0356	2.4631	76.0807	3.7751
759.73	29.195	645.581604	53.6946	9.2319	68.951	2.4494	76.1364	3.8329
760.98	29.162	647.170532	53.6732	9.1988	68.9709	2.4326	76.0285	3.8499
762.22	29.108	648.759399	53.4606	9.1537	68.7983	2.4178	75.9673	3.8808
763.47	29.08	650.348267	53.4579	9.1128	68.8389	2.4223	75.8804	3.9048
764.71	29.025	651.937134	53.4595	9.1049	69.0319	2.4149	75.9403	3.9514
765.95	28.996	653.525879	53.6106	9.1152	68.9895	2.4039	75.8393	3.9818
767.2	28.946	655.114624	54.0873	9.1597	68.5793	2.403	75.7913	4.0031
768.44	28.908	656.703308	53.9371	9.1387	68.2444	2.3752	75.3279	3.9937
769.68	28.858	658.291992	53.5918	9.0457	68.1751	2.3642	74.9845	4.013
770.93	28.839	659.880615	53.0116	8.9254	68.1754	2.343	75.5743	4.0914
772.17	28.76	661.469177	52.8259	8.8709	67.9751	2.3419	75.6077	4.1286
773.41	28.721	663.057739	52.9257	8.8473	68.0707	2.3295	75.9254	4.1987
774.65	28.652	664.64624	53.0243	8.8599	68.0637	2.3311	75.8778	4.2286
775.89	28.632	666.234741	53.0588	8.8432	68.109	2.325	75.8091	4.269
777.14	28.612	667.82312	52.813	8.7664	68.0704	2.3306	75.5107	4.2935
778.38	28.599	669.411499	52.9116	8.78	68.3093	2.3287	75.6311	4.3244
779.62	28.563	670.999878	52.9365	8.7397	68.1622	2.3151	75.6758	4.3593
780.86	28.508	672.588135	52.7872	8.6913	68.0533	2.3197	75.5075	4.3906
782.1	28.444	674.176392	52.7234	8.6575	67.8205	2.2927	75.4303	4.4222
783.34	28.405	675.764587	52.468	8.6249	67.5116	2.2789	75.2268	4.45
784.58	28.338	677.352783	52.3058	8.5886	67.3723	2.2735	74.8777	4.4727
785.82	28.294	678.940918	52.058	8.5332	67.4516	2.2815	74.7666	4.5022
787.06	28.253	680.528992	52.2188	8.5197	67.803	2.2866	75.0972	4.548
788.3	28.258	682.117065	52.0013	8.4704	67.3436	2.264	74.9713	4.5845
789.54	28.225	683.705017	52.0788	8.4425	67.2373	2.252	75.0535	4.6212
790.78	28.188	685.292969	51.9106	8.3786	67.1075	2.2366	75.0564	4.6482
792.01	28.118	686.88092	51.97	8.4103	66.949	2.236	75.0677	4.705
793.25	28.1	688.46875	51.8225	8.3863	66.8984	2.2364	75.1568	4.7488
794.49	28.057	690.056519	51.8005	8.3366	66.8082	2.2226	75.1306	4.7975
795.73	28.023	691.644348	51.8416	8.3472	66.79	2.2293	75.0535	4.821
796.97	27.959	693.232056	51.7006	8.269	66.8703	2.2051	74.9019	4.8331
798.2	27.943	694.819702	51.7205	8.2834	66.7689	2.1988	74.6458	4.8633
799.44	27.934	696.407349	51.7085	8.2537	66.8465	2.1977	74.7926	4.9146
800.68	27.903	697.994934	51.6315	8.2035	66.7482	2.193	74.813	4.9974
801.91	27.804	699.582458	51.4256	8.1546	66.3588	2.1654	74.6604	5.0232
803.15	27.727	701.169983	51.5123	8.1475	66.4519	2.163	74.5218	5.049
804.39	27.68	702.757446	51.4146	8.1244	66.4554	2.1502	74.4147	5.0755
805.62	27.68	704.344849	51.1818	8.0431	66.5513	2.1292	74.4024	5.1358
806.86	27.664	705.932129	51.2797	8.0823	66.5882	2.1364	74.5631	5.1716
808.09	27.645	707.519409	51.2376	8.0152	66.5329	2.1092	74.7223	5.2058
809.33	27.616	709.106689	51.1475	7.9718	66.2701	2.1021	74.4439	5.2463
810.56	27.598	710.693909	51.0654	7.9463	66.1513	2.0844	74.1587	5.2608
811.8	27.581	712.281067	50.9269	7.925	65.946	2.0848	74.1164	5.2944
813.03	27.507	713.868103	51.0181	7.9111	66.0448	2.0673	74.2337	5.3355
814.27	27.424	715.4552	51.0232	7.8692	66.1638	2.067	74.1661	5.3923
815.5	27.348	717.042175	50.9871	7.8385	66.084	2.0554	74.2268	5.4297
816.74	27.343	718.629089	50.9019	7.7959	65.9722	2.0367	74.2227	5.4616
817.97	27.311	720.216003	50.7182	7.7671	65.6335	2.025	73.9644	5.4682
819.2	27.311	721.802856	50.6901	7.7351	66.0472	2.019	73.942	5.4979
820.44	27.264	723.389648	50.6758	7.6983	66.1745	2.0225	73.6412	5.5383
821.67	27.219	724.976379	50.5437	7.6888	66.0971	2.0182	73.688	5.5467
822.9	27.14	726.56311	50.5904	7.6788	65.8667	1.9925	73.7075	5.6006
824.13	27.095	728.149719	50.7024	7.6883	65.9633	1.9841	73.811	5.6536
825.36	27.067	729.736267	50.7771	7.6816	65.9478	1.9842	74.0231	5.7035
826.6	27.042	731.322815	50.6996	7.6239	65.7771	1.9751	73.9892	5.7276
827.83	26.987	732.909302	50.529	7.5654	65.7548	1.9671	73.8492	5.7951
829.06	26.941	734.495728	50.5022	7.579	65.6663	1.9524	73.8223	5.795
830.29	26.888	736.082092	50.3977	7.5676	65.426	1.9497	74.1652	5.8581
831.52	26.846	737.668335	50.004	7.4783	65.2331	1.9361	73.8885	5.8846
832.75	26.796	739.254639	49.9853	7.4565	65.2558	1.9301	73.7795	5.9043
833.98	26.77	740.84082	49.8022	7.4093	65.0625	1.9292	73.5173	5.9266
835.21	26.744	742.426941	49.6026	7.368	64.9798	1.9082	73.2663	5.9405
836.44	26.741	744.013062	49.5668	7.3624	64.9393	1.9131	73.3633	5.9547
837.67	26.692	745.59906	49.8221	7.3468	65.0116	1.9	73.6363	6.0043
838.9	26.65	747.185059	49.8332	7.3828	65.0358	1.9046	73.7321	6.0507
840.13	26.601	748.770996	49.692	7.3367	65.1563	1.9109	73.7163	6.1006
841.36	26.576	750.356812	49.6711	7.3143	65.231	1.9103	73.8109	6.1318
842.59	26.58	751.942688	49.4698	7.2866	64.8956	1.8937	73.6756	6.1464
843.82	26.517	753.528442	49.4695	7.2526	65.013	1.8941	73.7691	6.2019
845.05	26.457	755.114136	49.5669	7.2312	64.9132	1.8907	73.6887	6.2145
846.27	26.414	756.699707	49.3497	7.2063	64.5759	1.8865	72.9764	6.1654
847.5	26.404	758.285278	49.0248	7.14	64.4248	1.8812	72.7242	6.1713
848.73	26.381	759.870789	49.1163	7.1228	64.4677	1.8798	72.7796	6.2506
849.96	26.332	761.456238	49.2283	7.1185	64.2848	1.8722	72.9964	6.296
851.18	26.308	763.041626	49.1392	7.1211	64.4167	1.8717	73.202	6.3121
852.41	26.274	764.627014	49.1381	7.0965	64.6553	1.8784	73.1666	6.3374
853.64	26.214	766.21228	49.0142	7.0667	64.6754	1.8779	72.9762	6.3892
854.86	26.15	767.797485	49.1393	7.0705	64.466	1.8733	73.2026	6.4138
856.09	26.111	769.382629	48.8726	7.0076	63.6176	1.8574	72.9988	6.4782
857.32	26.067	770.967712	48.7194	6.9697	63.3903	1.8441	72.8162	6.4375
858.54	26.035	772.552734	48.6602	6.9369	63.593	1.8611	72.7755	6.4832
859.77	26.003	774.137695	48.9275	6.9623	64.2773	1.8589	73.0063	6.5211
860.99	25.969	775.722595	48.9235	6.934	64.2671	1.8738	73.3198	6.5996
862.22	25.928	777.307495	48.7751	6.8736	63.8407	1.8514	72.992	6.5571
863.44	25.884	778.892212	48.6497	6.8693	63.7631	1.8566	72.7413	6.5973
864.67	25.831	780.476929	48.2516	6.7795	63.3871	1.8324	72.2446	6.5895
865.89	25.775	782.061646	48.2114	6.7657	63.2724	1.8279	72.1834	6.6176
867.12	25.737	783.646179	48.4144	6.7368	63.3447	1.8187	72.4733	6.666
868.34	25.735	785.230713	48.3043	6.7224	63.3374	1.8307	72.5142	6.7115
869.56	25.744	786.815186	48.0331	6.6632	63.1186	1.8177	72.2711	6.7039
870.79	25.701	788.399597	48.2691	6.6722	63.4966	1.8275	72.8343	6.8154
872.01	25.651	789.983948	48.0612	6.6428	63.3699	1.8155	72.6229	6.8028
873.23	25.606	791.568237	48.1407	6.6392	63.2434	1.8127	72.5832	6.8241
874.45	25.555	793.152405	48.1071	6.5877	63.2024	1.7958	72.5653	6.8248
875.68	25.51	794.736511	47.8978	6.5449	62.8347	1.7901	71.9687	6.823
876.9	25.427	796.320618	48.1002	6.5541	63.2289	1.8017	72.8828	6.9661
878.12	25.396	797.904663	47.6211	6.4739	62.659	1.7715	72.5568	6.9448
879.34	25.392	799.488586	47.8254	6.4836	62.6688	1.7792	72.7891	7.0206
880.56	25.375	801.072388	47.8878	6.5118	62.6668	1.7691	72.6826	6.9953
881.79	25.389	802.65625	47.8727	6.4964	62.4441	1.749	71.7775	6.942
883.01	25.323	804.23999	48.1374	6.5251	62.913	1.763	72.2468	7.0137
884.23	25.308	805.823608	48.1642	6.4944	62.477	1.7522	72.1083	7.0546
885.45	25.243	807.407227	47.9157	6.4478	62.5098	1.7438	72.1725	7.054
886.67	25.266	808.990784	48.051	6.4446	63.1404	1.758	72.7257	7.1857
887.89	25.226	810.574219	47.8323	6.4004	62.5526	1.7371	72.277	7.1438
889.11	25.223	812.157593	47.5062	6.3461	62.2499	1.7126	71.7187	7.0994
890.33	25.131	813.740967	47.7332	6.3869	62.8842	1.7346	72.6882	7.2219
891.55	25.059	815.324219	47.3692	6.3355	62.6042	1.7164	72.1896	7.1996
892.77	25.004	816.907349	47.5662	6.3138	62.5836	1.7202	72.3205	7.2646
893.98	24.966	818.49054	47.6065	6.3334	63.195	1.7242	72.8235	7.3468
895.2	24.959	820.073547	46.8725	6.1979	61.9734	1.6818	71.6029	7.2904
896.42	24.904	821.656555	46.3194	6.1563	61.6915	1.6663	71.389	7.2559
897.64	24.895	823.239441	46.6829	6.1725	62.5688	1.6886	72.2965	7.3967
898.86	24.861	824.822266	46.5538	6.1001	62.1728	1.6745	71.8099	7.3885
900.07	24.848	826.404968	46.5512	6.1126	61.7751	1.6615	71.4848	7.3778
901.29	24.788	827.987671	46.6152	6.1463	62.1724	1.6767	71.9562	7.4199
902.51	24.758	829.570313	46.6745	6.132	62.2782	1.666	71.9877	7.4842
903.73	24.687	831.152832	46.2771	6.0562	61.7489	1.6487	71.1346	7.4078
904.94	24.669	832.735352	46.4696	6.0943	62.1542	1.6573	71.4957	7.4773
906.16	24.606	834.317688	46.7419	6.0596	62.5541	1.666	72.03	7.5522
907.38	24.611	835.900024	46.8319	6.0833	62.027	1.6399	71.8992	7.5377
908.59	24.567	837.4823	46.344	6.0202	61.7332	1.6312	71.4059	7.5822
909.81	24.525	839.064453	46.5708	6.0406	62.1215	1.633	71.6818	7.6194
911.02	24.479	840.646606	46.5558	6.0011	61.8335	1.624	71.6063	7.6133
912.24	24.458	842.228638	46.2372	5.9391	61.3863	1.6182	71.0952	7.5984
913.45	24.432	843.810547	46.1283	5.9299	61.1668	1.5996	70.7717	7.5794
914.67	24.416	845.392395	46.311	5.9561	61.9295	1.6223	71.5106	7.6563
915.88	24.442	846.974243	46.0227	5.8857	61.3333	1.6062	70.5247	7.5865
917.1	24.479	848.555847	45.9648	5.877	61.4574	1.6029	70.9184	7.7116
918.31	24.433	850.137512	45.6954	5.8313	61.1354	1.5942	70.3998	7.6822
919.52	24.377	851.719116	45.5588	5.8106	61.3274	1.6098	71.1173	7.7704
920.74	24.318	853.300598	45.6955	5.7882	61.3807	1.6001	71.2929	7.7827
921.95	24.315	854.882019	45.5758	5.7674	61.2307	1.6054	70.9964	7.7616
923.16	24.275	856.463379	45.8912	5.827	61.7617	1.6167	71.3051	7.8955
924.38	24.284	858.044617	45.691	5.7375	61.0765	1.58	70.5633	7.8036
925.59	24.251	859.625793	46.1113	5.7578	61.5623	1.605	71.5021	7.9627
926.8	24.212	861.206848	46.1813	5.7648	61.588	1.5974	71.4948	7.9647
928.01	24.144	862.787903	45.6935	5.7282	61.1442	1.5864	70.6123	7.8842
929.23	24.111	864.368835	45.9488	5.7332	61.7996	1.6073	71.2982	8.032
930.44	24.079	865.949707	45.4916	5.6526	60.8876	1.5873	70.6231	7.9319
931.65	24.035	867.530457	45.2866	5.6188	60.6925	1.5695	70.5511	7.9926
932.86	24.05	869.111145	45.8867	5.6716	61.3179	1.6013	72.0681	8.1388
934.07	24.022	870.691772	44.9146	5.5329	60.1338	1.5615	70.2843	7.9738
935.28	23.99	872.272339	45.3538	5.5319	60.4829	1.57	70.3486	8.0342
936.49	23.856	873.852722	45.6725	5.5777	61.0194	1.5866	71.6288	8.269
937.7	23.787	875.433228	44.6473	5.4457	59.4947	1.544	69.6749	8.0031
938.91	23.651	877.013489	44.9267	5.4941	59.7315	1.5568	69.575	8.0059
940.12	23.594	878.593628	45.6232	5.5355	61.3153	1.596	71.8302	8.2879
941.33	23.602	880.173828	45.0664	5.4386	60.1991	1.5677	70.6012	8.2241
942.54	23.722	881.753784	44.4253	5.3557	58.875	1.5352	69.0075	8.0567
943.75	23.757	883.333801	45.2306	5.4537	60.3625	1.5856	71.0312	8.3515
944.96	23.697	884.913696	45.7037	5.47	61.5395	1.6054	72.6569	8.54
946.17	23.589	886.493469	44.6285	5.3727	59.9354	1.5638	70.6869	8.3193
947.38	23.545	888.073242	43.9443	5.2584	58.4251	1.5261	68.351	8.0325
948.58	23.482	889.652832	44.665	5.3045	59.9782	1.5639	70.422	8.3599
949.79	23.558	891.2323	45.1783	5.3504	60.7439	1.5827	71.7786	8.5976
951	23.414	892.811829	44.4732	5.2717	59.5508	1.5595	70.4429	8.3937
952.21	23.438	894.391235	43.9567	5.2241	58.6553	1.5377	69.266	8.3341
953.41	23.415	895.97052	44.7106	5.2731	59.6429	1.5631	70.3754	8.5046
954.62	23.47	897.549683	45.6504	5.3725	60.7883	1.5806	71.7785	8.6281
955.83	23.387	899.128784	45.778	5.3814	61.358	1.6026	72.6023	8.8266
957.03	23.276	900.707825	44.7876	5.2599	60.155	1.5664	70.9174	8.5941
958.24	23.324	902.286804	43.8345	5.0994	58.0619	1.5337	68.5113	8.3464
959.45	23.373	903.865601	43.3926	5.0786	57.6936	1.5151	67.8099	8.3109
960.65	23.478	905.444458	44.6711	5.1914	59.1153	1.5419	70.1854	8.6093
961.86	23.426	907.023071	45.2767	5.3077	60.4971	1.5919	72.1407	8.8382
963.06	23.396	908.601685	45.2859	5.26	60.9531	1.5872	72.2277	8.9057
964.27	23.226	910.180176	44.9754	5.2561	60.6116	1.5873	72.3945	8.9255
965.47	23.254	911.758606	44.5601	5.1587	59.6682	1.5549	71.1213	8.8053
966.68	23.276	913.336914	43.9663	5.0959	58.6133	1.5357	69.7195	8.672
967.88	23.29	914.915161	43.8064	5.0791	58.6823	1.5321	69.2014	8.5533
969.09	23.172	916.493347	43.5384	5.0479	58.3098	1.5259	68.6596	8.6493
970.29	23.101	918.071411	43.5004	5.028	58.2276	1.5126	68.9409	8.6528
971.49	23.035	919.649292	43.4198	5.0252	58.2326	1.5157	69.097	8.675
972.7	23.185	921.227234	43.2666	5.0096	58.3033	1.5218	69.0124	8.7015
973.9	23.178	922.804993	43.3481	4.9766	58.5577	1.5243	69.2991	8.8079
975.1	23.201	924.38269	43.3295	5.0042	58.5477	1.5242	69.8668	8.8894
976.3	22.945	925.960327	43.4703	4.9414	58.6299	1.5202	69.3871	8.8388
977.51	22.797	927.537781	43.2673	4.9361	58.1977	1.5123	69.0606	8.7867
978.71	22.615	929.115234	43.0089	4.9191	57.8721	1.5007	68.4225	8.7521
979.91	22.587	930.692566	43.1484	4.9393	57.5703	1.4928	68.5696	8.7783
981.11	22.589	932.269836	43.2565	4.9071	57.6977	1.4957	68.5676	8.9173
982.31	22.596	933.846985	43.2164	4.9235	57.6732	1.4982	68.3968	8.8319
983.52	22.623	935.424011	43.4395	4.9129	58.1047	1.5065	69.4455	9.0041
984.72	22.669	937.000977	43.2762	4.8827	58.2043	1.5066	69.6051	9.0249
985.92	22.627	938.57782	43.6469	4.9226	58.3978	1.5004	69.8816	9.1315
987.12	22.697	940.154602	43.9485	4.9429	58.8534	1.5281	70.7567	9.2855
988.32	22.637	941.731262	43.801	4.9182	58.9458	1.5142	70.388	9.194
989.52	22.622	943.307922	43.5626	4.8479	58.9139	1.5201	70.0379	9.1609
990.72	22.462	944.884399	43.1746	4.8482	58.6174	1.5175	69.7516	9.226
991.92	22.217	946.460754	43.1982	4.8478	58.57	1.4993	69.9856	9.2199
993.12	22.217	948.036987	43.1953	4.7915	58.5739	1.5015	69.3364	9.2256
994.32	22.126	949.613281	42.9969	4.7708	58.237	1.4934	69.2163	9.2685
995.51	22.276	951.189331	42.7821	4.7337	58.2366	1.4967	69.0343	9.2459
996.71	22.32	952.76532	42.5273	4.7247	58.2175	1.479	69.1289	9.2106
997.91	22.333	954.341309	42.8819	4.7341	58.3079	1.4875	69.0347	9.2372
999.11	22.348	955.917114	42.6304	4.6814	58.0939	1.471	68.5934	9.2494
1000.31	22.327	957.492798	42.7058	4.724	58.151	1.4831	69.0006	9.3721
1001.51	22.439	959.068359	42.6015	4.6636	57.988	1.4712	68.7079	9.2888
1002.7	22.337	960.643921	42.4602	4.6455	58.0652	1.4854	68.9816	9.4303
1003.9	22.241	962.21936	42.5864	4.6527	58.2436	1.468	69.4314	9.4751
1005.1	22.117	963.794617	42.7374	4.6544	58.6001	1.4789	68.9935	9.4419
1006.29	22.045	965.369934	42.4521	4.6252	57.91	1.4659	68.6029	9.4258
1007.49	22.065	966.945007	42.3214	4.573	57.7535	1.4512	68.2168	9.3903
1008.69	21.941	968.52002	42.1478	4.6172	57.444	1.447	67.9556	9.3117
1009.88	21.849	970.09491	42.2486	4.5872	57.5545	1.4616	68.0793	9.3339
1011.08	21.642	971.6698	42.4209	4.5246	57.7193	1.454	68.2292	9.4642
1012.27	21.687	973.244507	42.2632	4.576	57.4184	1.4532	68.3527	9.4168
1013.47	21.845	974.819153	41.9837	4.4764	57.6162	1.4455	68.2885	9.4998
1014.66	21.879	976.393677	42.1231	4.5181	57.7421	1.4627	68.6256	9.5467
1015.86	21.915	977.968079	42.2489	4.4796	57.8879	1.4536	69.0456	9.5862
1017.05	21.82	979.542358	42.2793	4.485	57.8687	1.4533	68.8152	9.6013
1018.25	21.931	981.116577	42.0272	4.4742	57.5285	1.4406	68.8776	9.6278
1019.44	21.924	982.690735	42.0634	4.4694	57.5613	1.4504	68.8376	9.6626
1020.64	21.797	984.264771	42.0894	4.3841	57.5071	1.4379	68.4463	9.6945
1021.83	21.708	985.838684	41.9202	4.3904	57.4785	1.4242	68.2786	9.6906
1023.02	21.422	987.412415	41.7279	4.4283	57.1906	1.4315	68.3766	9.7084
1024.22	21.484	988.986145	41.7682	4.4008	57.1011	1.4246	67.9865	9.6119
1025.41	21.478	990.559753	41.8988	4.3507	57.3508	1.4344	68.2273	9.7041
1026.6	21.554	992.133179	41.9593	4.3298	57.1687	1.4368	68.356	9.7535
1027.79	21.133	993.706665	41.8698	4.316	57.1447	1.4459	68.5151	9.7999
1028.99	21.339	995.279907	42.1278	4.3701	57.4743	1.44	68.8875	9.8733
1030.18	21.965	996.853027	42.1871	4.3616	57.3165	1.4266	69.2313	9.8439
1031.37	22.733	998.426147	42.1196	4.3095	57.0097	1.4216	68.9866	9.9179
1032.56	22.995	999.999146	42.0553	4.3103	57.0958	1.4294	68.8143	10.0233
		1012.878723	39.8382	4.0885	55.0681	1.4511	65.953	9.5578
		1016.250183	39.9357	4.1081	55.2005	1.4478	66.0706	9.6129
		1019.622375	39.6656	4.0479	55.1865	1.4507	66.029	9.727
		1022.995239	39.4963	4.0112	55.253	1.4493	66.3275	9.756
		1026.368652	39.2872	3.9865	54.8899	1.4451	65.9946	9.8012
		1029.74292	39.1066	3.9349	54.8267	1.4448	66.1866	9.8613
		1033.117676	39.0575	3.9134	54.8236	1.4449	66.1465	9.9239
		1036.493286	38.8253	3.893	54.7081	1.4449	65.5646	9.9092
		1039.869385	38.8389	3.857	54.4707	1.4343	65.9302	10.0444
		1043.246338	38.6126	3.8201	53.9438	1.4235	65.8775	10.0803
		1046.623779	38.6022	3.8044	54.1997	1.4293	65.9576	10.1571
		1050.001953	38.4019	3.7638	53.7347	1.4173	65.1535	10.0846
		1053.380859	38.5168	3.7708	53.7601	1.4208	65.3379	10.1797
		1056.760498	38.1463	3.7183	53.5599	1.4096	64.7476	10.1205
		1060.140625	38.2467	3.7067	53.8261	1.422	65.1367	10.2816
		1063.521484	37.9461	3.6684	53.7736	1.4164	65.4948	10.3611
		1066.903076	37.8477	3.6424	53.4891	1.4086	64.7104	10.3164
		1070.2854	37.7857	3.6241	52.9287	1.3949	64.7729	10.4167
		1073.668213	37.5625	3.5948	52.6945	1.39	64.362	10.4046
		1077.051758	37.7122	3.5959	53.1887	1.4018	65.1406	10.6159
		1080.436035	37.8645	3.5864	53.1469	1.3978	65.392	10.6767
		1083.820923	37.9528	3.5835	53.0458	1.4017	65.9441	10.8145
		1087.206543	37.4148	3.5104	52.8093	1.4009	65.1374	10.7652
		1090.592773	37.2213	3.4846	52.4853	1.3908	64.7476	10.7824
		1093.979736	37.2095	3.4549	52.9362	1.3997	64.425	10.7458
		1097.36731	37.4636	3.465	53.2565	1.4093	65.1322	10.926
		1100.755615	37.1285	3.4146	53.2742	1.4105	64.721	10.8988
		1104.144531	37.341	3.4168	53.6947	1.4193	65.4055	11.0288
		1107.53418	36.9361	3.3719	52.6749	1.3895	64.5781	10.9126
		1110.924438	37.3355	3.3773	52.5208	1.3934	65.0702	10.9862
		1114.31543	37.0374	3.3371	52.4997	1.389	64.6531	11.042
		1117.707031	37.4757	3.3573	52.8023	1.3926	65.0432	11.0506
		1121.099365	36.9266	3.3012	52.4206	1.39	64.4146	11.0655
		1124.49231	37.0507	3.2852	52.1683	1.3826	64.7374	11.0784
		1127.885986	36.6599	3.2391	52.2997	1.3867	64.9138	11.2951
		1131.280273	36.5173	3.2221	52.1434	1.3847	64.4971	11.1258
		1134.675293	36.2155	3.1725	51.9641	1.3846	64.5517	11.2494
		1138.070923	36.5193	3.1805	52.0597	1.3857	63.9574	11.0979
		1141.467285	36.5034	3.1648	51.8999	1.3843	64.481	11.3148
		1144.864258	36.3039	3.1503	51.8328	1.3767	63.837	11.0883
		1148.261963	36.2735	3.1265	51.9081	1.3892	64.3333	11.3282
		1151.660278	36.2196	3.1047	51.4902	1.3779	63.7579	11.1706
		1155.059326	36.0732	3.0834	51.8081	1.3853	64.1255	11.3234
		1158.458984	36.1893	3.069	51.7066	1.3908	63.3465	11.122
		1161.859253	36.1795	3.0552	51.4916	1.3816	64.4457	11.431
		1165.260376	35.3998	2.9621	50.9885	1.3779	63.8383	11.2366
		1168.661987	35.4148	2.9692	50.4195	1.362	63.3967	11.3077
		1172.064453	35.5686	2.9804	50.9109	1.3838	62.9483	11.1897
		1175.467529	35.4665	2.9491	50.5887	1.3713	63.6345	11.3957
		1178.871216	35.4096	2.9277	50.7986	1.3907	62.9249	11.2055
		1182.275635	35.7514	2.9518	50.4869	1.3803	63.6361	11.4443
		1185.680664	35.8509	2.9417	50.6816	1.3864	63.3049	11.3397
		1189.086304	35.2521	2.8875	50.6784	1.4009	63.9112	11.5779
		1192.492798	35.3286	2.8797	50.3846	1.3841	63.0669	11.3006
		1195.89978	35.0445	2.8322	50.7213	1.4036	63.6729	11.5085
		1199.307617	35.0879	2.8491	50.2109	1.391	62.7295	11.2562
		1202.716064	34.9895	2.8297	50.3079	1.4046	62.9314	11.4405
		1206.125122	35.0947	2.8368	50.2273	1.4074	62.7294	11.3198
		1209.534912	34.819	2.7806	49.8405	1.3999	63.2251	11.4579
		1212.945313	35.0388	2.7957	50.0667	1.407	63.0045	11.3641
		1216.356445	34.9226	2.772	50.0934	1.4114	62.8041	11.4565
		1219.768188	34.7542	2.7664	49.7444	1.4091	62.5517	11.3221
		1223.180664	34.5403	2.7374	49.6962	1.4126	63.3009	11.569
		1226.59375	34.4241	2.6917	49.3923	1.4128	62.2132	11.2838
		1230.007568	34.2779	2.6857	49.389	1.4072	62.7321	11.5296
		1233.421997	34.3836	2.6952	49.1743	1.4028	62.1235	11.3421
		1236.837158	33.8236	2.626	49.0603	1.4015	62.9184	11.5913
		1240.25293	34.3579	2.6508	49.0865	1.4095	62.6432	11.4541
		1243.669434	33.9106	2.6152	49.2009	1.4132	62.8959	11.6097
		1247.086548	34.0016	2.6269	49.2614	1.4199	62.6959	11.4643
		1250.504395	34.2815	2.6223	48.9131	1.413	63.2301	11.7458
		1253.922852	34.0623	2.5974	49.0287	1.4208	62.3541	11.4792
		1257.342041	33.7095	2.5654	49.0559	1.416	63.1098	11.7539
		1260.761841	33.3645	2.5216	48.8506	1.412	61.6711	11.3468
		1264.182373	33.6087	2.5342	48.8959	1.4229	62.8753	11.7028
		1267.603516	33.2349	2.5009	48.17	1.4095	61.2762	11.3752
		1271.025391	33.7749	2.529	48.5975	1.4281	62.8295	11.7359
		1274.447998	33.3703	2.4893	48.274	1.4124	61.628	11.3953
		1277.871094	33.3684	2.4841	48.8565	1.4296	62.4999	11.6718
		1281.294922	33.0569	2.4378	48.2606	1.4171	61.2864	11.4081
		1284.719482	32.885	2.419	48.4099	1.4211	61.346	11.5991
		1288.144775	32.8377	2.4015	48.3833	1.4197	60.7949	11.3827
		1291.570557	32.9734	2.4043	48.3961	1.4193	61.2335	11.5793
		1294.997192	33.1089	2.3957	48.3554	1.4239	61.1024	11.4609
		1298.424316	33.0056	2.3855	48.2836	1.4363	61.5466	11.7807
		1301.852295	32.8294	2.3621	47.591	1.4127	59.9739	11.3995
		1305.280762	32.9847	2.3788	48.2886	1.4334	60.879	11.6951
		1308.710083	32.7668	2.3326	48.0347	1.4316	60.8056	11.5174
		1312.139893	33.134	2.3526	48.3084	1.43	61.8216	11.9221
		1315.570557	32.967	2.3302	48.2355	1.4423	60.4349	11.5223
		1319.001709	33.2715	2.3527	48.3807	1.4328	61.2659	11.8212
		1322.433716	33.3275	2.3203	48.3789	1.4471	61.6514	11.7685
		1325.866333	33.0242	2.3054	48.585	1.4478	62.2843	12.1009
		1329.299561	33.1663	2.3039	48.2917	1.4486	61.9468	11.8648
		1332.733521	33.1301	2.2902	47.8382	1.4302	62.1218	12.1494
		1336.168091	33.0078	2.2828	48.042	1.451	61.7882	12.0315
		1339.603271	33.0363	2.2664	48.5292	1.473	62.3618	12.3086
		1343.039307	33.0373	2.2493	47.9248	1.4459	61.8644	12.1063
		1346.47583	32.9204	2.2428	48.436	1.4578	62.6681	12.4075
		1349.913208	32.3014	2.1896	47.7805	1.4564	61.5777	12.1484
		1353.351196	32.2837	2.1872	47.7524	1.4528	61.3237	12.2557
		1356.789795	32.458	2.2009	47.7061	1.4546	61.553	12.3627
		1360.229126	32.2396	2.1737	48.39	1.4875	61.5017	12.3439
		1363.669189	32.1811	2.1354	48.6292	1.4803	61.686	12.4473
		1367.109741	32.3922	2.1575	48.206	1.4839	62.2362	12.5744
		1370.551025	32.4142	2.1535	48.2667	1.4896	62.7343	12.7325
		1373.993042	32.886	2.1627	48.5145	1.4939	62.1375	12.6628
		1377.435791	32.6061	2.1396	48.8292	1.4942	61.7433	12.7478
		1380.87915	31.88	2.0914	48.2127	1.4735	61.4673	12.6702
		1384.322998	32.2078	2.0854	48.2694	1.4945	61.1169	12.5379
		1387.767822	32.2546	2.1061	47.9777	1.4832	61.5019	12.6986
		1391.213135	32.1273	2.0869	47.567	1.4915	60.9614	12.6836
		1394.65918	31.6554	2.0476	47.1671	1.4681	59.9455	12.5393
		1398.105835	31.4065	2.0382	47.3167	1.4725	59.9973	12.5903
		1401.553223	32.224	2.0707	47.9737	1.511	61.2627	12.9553
		1405.001221	31.345	2.0054	47.1853	1.4816	60.5085	12.6968
		1408.449951	31.8322	2.0314	47.415	1.4839	61.6876	12.9738
		1411.899292	32.1511	2.0513	47.4251	1.4998	61.0702	12.9406
		1415.349365	31.8891	2.0151	47.4214	1.5091	61.427	13.1993
		1418.800049	31.3537	1.9772	46.9567	1.493	62.3372	13.4126
		1422.251465	31.0781	1.9386	47.4456	1.5145	61.6337	13.3389
		1425.703491	31.4159	1.951	46.9891	1.4922	60.9907	13.215
		1429.15625	31.576	1.9782	46.7969	1.4978	61.0705	13.2485
		1432.609619	31.5944	1.9595	47.0596	1.4981	61.6791	13.4238
		1436.063721	31.0906	1.9243	47.0301	1.5295	61.0566	13.3926
		1439.518555	31.5018	1.9442	46.841	1.4891	61.63	13.5484
		1442.973877	31.4542	1.924	46.173	1.4918	62.1191	13.7508
		1446.430054	31.0575	1.8794	46.6654	1.5205	61.8791	13.7812
		1449.886841	30.8209	1.8623	46.5558	1.5136	61.4424	13.7115
		1453.344238	31.2147	1.8835	46.4079	1.5281	61.0733	13.7154
		1456.802368	31.1022	1.8718	46.0554	1.5208	61.106	13.6572
		1460.261108	31.1331	1.8732	46.4004	1.5186	62.3379	14.0446
		1463.720581	30.517	1.8236	45.7602	1.5024	61.0441	13.7144
		1467.180786	31.1919	1.8669	45.8048	1.4971	61.3492	13.8962
		1470.641479	30.5628	1.8227	45.7966	1.5167	61.7016	14.0319
		1474.103027	30.89	1.8408	45.945	1.5192	61.5903	14.1333
		1477.565186	31.1958	1.8327	46.4492	1.5599	61.8366	14.2369
		1481.027954	30.4685	1.7866	45.9629	1.5467	61.3375	14.1992
		1484.491455	30.8877	1.8046	46.0418	1.5324	62.3493	14.4031
		1487.955566	31.2201	1.8289	45.9841	1.5298	62.6258	14.5253
		1491.42041	30.6051	1.7991	45.9086	1.536	62.0431	14.4922
		1494.885986	31.1006	1.7914	46.249	1.5661	62.8479	14.6676
		1498.352051	30.6953	1.7741	46.2598	1.5651	61.5808	14.4758
		1501.81897	30.2466	1.7476	46.1091	1.574	61.4742	14.4768
		1505.286377	30.8331	1.7663	45.67	1.5769	61.6536	14.6965
		1508.754639	30.6463	1.7498	45.9779	1.5674	61.8749	14.7131
		1512.223389	30.9032	1.7534	46.2656	1.5818	61.826	14.6901
		1515.692993	30.6676	1.7278	45.9237	1.5841	62.0633	14.8542
		1519.163208	30.1165	1.6859	45.3512	1.5739	61.3454	14.6053
		1522.634033	30.2304	1.6852	45.3069	1.5551	60.6886	14.4842
		1526.105591	30.1693	1.6983	45.0153	1.5809	60.8737	14.6675
		1529.577881	29.6911	1.6648	45.4007	1.5766	60.4753	14.679
		1533.050659	29.5477	1.6421	44.7195	1.5667	59.8586	14.491
		1536.52417	29.6124	1.6137	44.6336	1.569	60.5349	14.6702
		1539.998413	29.8318	1.6404	44.6045	1.561	60.9211	14.8021
		1543.473389	29.2723	1.6059	44.957	1.5947	61.0325	14.8113
		1546.948975	29.864	1.6258	45.4782	1.5863	62.1939	15.1133
		1550.425171	29.8041	1.6276	44.8243	1.5852	60.6353	14.7256
		1553.9021	29.8478	1.6283	44.7594	1.6077	61.1901	15.0013
		1557.379639	30.046	1.6197	44.7408	1.61	60.4459	14.8186
		1560.85791	29.6841	1.6185	44.7857	1.6033	61.6144	14.9768
		1564.336792	29.6089	1.595	44.7398	1.6067	61.2098	15.1079
		1567.816528	30.0382	1.6031	44.7178	1.6009	60.5453	14.9397
		1571.296753	29.2108	1.5776	44.5494	1.5824	61.2233	15.2135
		1574.777588	28.7939	1.5407	44.1712	1.6039	60.8694	15.1068
		1578.259277	28.848	1.5262	44.2385	1.5947	62.1223	15.347
		1581.741577	28.8336	1.5262	43.8029	1.5803	61.1126	15.064
		1585.224487	28.6813	1.5078	44.0279	1.6055	61.95	15.4701
		1588.708252	29.0177	1.5265	44.2535	1.5813	61.0069	15.1613
		1592.192505	29.0888	1.5325	43.7699	1.5681	60.483	15.071
		1595.67749	29.5805	1.549	44.2175	1.5898	60.6293	15.2069
		1599.163086	29.516	1.5296	44.3998	1.6171	61.4895	15.3524
		1602.649414	28.883	1.4934	43.6535	1.5937	60.0886	15.1016
		1606.136475	28.62	1.4931	43.9816	1.6069	60.4558	15.2521
		1609.624023	29.5708	1.5193	44.1178	1.6271	59.4491	14.9916
		1613.112427	29.2906	1.5091	43.8194	1.597	59.3329	14.9922
		1616.601318	28.8954	1.5097	43.5819	1.5814	60.2631	15.1994
		1620.091064	28.5875	1.4627	43.267	1.6107	59.3992	15.2536
		1623.581299	29.1899	1.4902	44.4096	1.6224	60.1946	15.3169
		1627.072388	28.9152	1.4805	44.5853	1.628	59.8023	15.1724
		1630.564087	28.8072	1.4685	43.9274	1.6278	60.9612	15.2913
		1634.056396	28.16	1.4158	43.7279	1.6371	59.5611	15.103
		1637.549561	28.2313	1.4194	44.1116	1.6593	59.7876	15.1477
		1641.043213	29.0571	1.458	44.6946	1.6525	61.7685	15.6198
		1644.537476	29.2862	1.4739	44.4439	1.641	62.6734	15.8785
		1648.032593	28.6358	1.449	43.6978	1.618	60.8782	15.3258
		1651.52832	28.8647	1.4606	43.9829	1.6116	61.1906	15.5403
		1655.024658	28.7534	1.422	44.4837	1.6607	61.2134	15.534
		1658.521729	29.0062	1.4076	44.2731	1.6415	61.5668	15.5063
		1662.019531	29.6044	1.4506	45.6854	1.692	62.7997	15.9871
		1665.517944	28.9219	1.4175	44.5759	1.6724	61.8437	15.724
		1669.016968	29.1043	1.4308	44.6994	1.6995	61.7015	15.6896
		1672.516846	28.9859	1.3831	44.5428	1.6851	60.7722	15.4687
		1676.017212	28.9037	1.4046	44.8896	1.7132	61.4282	15.5975
		1679.518188	29.0599	1.4281	44.5881	1.6838	61.0417	15.5453
		1683.019897	29.1317	1.4005	44.6881	1.7107	60.2197	15.4523
		1686.522461	28.1649	1.4062	43.8578	1.6981	59.0301	14.9704
